4.496069921697303240e-01 6.041331252195787371e-01
4.448249362737060064e-01 5.789282853326185307e-01
4.425839887215842761e-01 5.672049543098548474e-01
4.418712526788732831e-01 5.636241131324162268e-01
4.419120371171237349e-01 5.640502986175401912e-01
4.421164183277975779e-01 5.653545732701323878e-01
4.421078710683494783e-01 5.655686706154372523e-01
4.417017387070436563e-01 5.636620008805688364e-01
4.408016037107002627e-01 5.591993914976594038e-01
4.394023784209574179e-01 5.521527685639017191e-01
4.375450112067337249e-01 5.427400208173226437e-01
4.353005123304059532e-01 5.313279201310753264e-01
4.327533843604198238e-01 5.183536509668178471e-01
4.299833156817892688e-01 5.042592767933919973e-01
4.270753898394807346e-01 4.894766379898425890e-01
4.241063839804067870e-01 4.743959964987281008e-01
4.211379733031604955e-01 4.593622769792435889e-01
4.182332009422787822e-01 4.446835397521145539e-01
4.154440089682043258e-01 4.306229816899762586e-01
4.128128343747110018e-01 4.174099998020567304e-01
4.103780421212824825e-01 4.052476282322187151e-01
4.081795176497418631e-01 3.943289140004205828e-01
4.062529188892090026e-01 3.848227698469812719e-01
4.046297685490337082e-01 3.768960265588116587e-01
4.033425074631099005e-01 3.707122892247250445e-01
4.024269692269983878e-01 3.664333154911702528e-01
4.019193961345723376e-01 3.642374387664313318e-01
4.018544428051318285e-01 3.642916736539270617e-01
4.022726511008302142e-01 3.667787054120709156e-01
4.032083302256893043e-01 3.718690388170888261e-01
4.047001985687507242e-01 3.797361584883113261e-01
4.067758916733988928e-01 3.905256659513015038e-01
4.094608529788411611e-01 4.043468083041049654e-01
4.127667507172643746e-01 4.212651575420113814e-01
4.166905804997904639e-01 4.412631978347401618e-01
4.212057656495236668e-01 4.642285184543096244e-01
4.262689683106936078e-01 4.899358070268424181e-01
4.317998006016747214e-01 5.180120952724480698e-01
4.376959688855378561e-01 5.479344815364504129e-01
4.438163225365294728e-01 5.790064565063243185e-01
4.499889629818819570e-01 6.103487123317041796e-01
4.559979861775115828e-01 6.408683891451151249e-01
4.616058169600342209e-01 6.693127328845493995e-01
4.668603047753610014e-01 6.948722927116532944e-01
4.705700366521168854e-01 7.146288571593785166e-01
4.739445747322501568e-01 7.321362082389060166e-01
4.770418899589956574e-01 7.459246608587336569e-01
4.783359168458614086e-01 7.539132665791024035e-01
4.797752394321256886e-01 7.612054878092084920e-01
4.812811784134724546e-01 7.688535457276268748e-01
4.830133801536379834e-01 7.776768124538226967e-01
4.850381173696434178e-01 7.880236072721970020e-01
4.873731476473199820e-01 7.999717009784093058e-01
4.900122807745486697e-01 8.134604157565203941e-01
4.929102894139602564e-01 8.283353815066932802e-01
4.960412005956834625e-01 8.444051274671051655e-01
4.992712151751197425e-01 8.610231578906426542e-01
4.976274237466080108e-01 8.523600669631015148e-01
4.940804987647870461e-01 8.338466770400317918e-01
4.904152474977742648e-01 8.147576081591078045e-01
4.866844159980753814e-01 7.953637693419945975e-01
4.829263215003629095e-01 7.758568993754212384e-01
4.791740977703275450e-01 7.564089670173927971e-01
4.754601382815282773e-01 7.371784020933290771e-01
4.718128278067494352e-01 7.183074494825083534e-01
4.682573043307007854e-01 6.999255550150559335e-01
4.648174914470876162e-01 6.821437316345599911e-01
4.615108733410328568e-01 6.650588730284812122e-01
4.583539011338902958e-01 6.487507015274117661e-01
4.553608770089085933e-01 6.332889986662126880e-01
4.525428495084357627e-01 6.187319549031277122e-01
4.499089500178633516e-01 6.051299454012486478e-01
4.474723669514842905e-01 5.925468079436670976e-01
4.452484915084127248e-01 5.810635824070962130e-01
4.432639350428158598e-01 5.708156328063155316e-01
4.415593886891625575e-01 5.620197964218955899e-01
4.402036378828031449e-01 5.550286037941314365e-01
4.392956379920530674e-01 5.503554749999581830e-01
4.389532376930933566e-01 5.486142378123287644e-01
4.392686996962998913e-01 5.502901866890304028e-01
4.402482531531037302e-01 5.554064950493844410e-01
4.417824350450056947e-01 5.634067548833977535e-01
4.437206105901807529e-01 5.734992075456014637e-01
4.459755719441657607e-01 5.852347329108835705e-01
4.486106542291318777e-01 5.989423821248247570e-01
4.519189566418073678e-01 6.161428749555019069e-01
4.566015436672246075e-01 6.404895010635121011e-01
4.639573954744405926e-01 6.787279915809463215e-01
4.742227150344075493e-01 7.320717577916153740e-01
4.837080676888294017e-01 7.813700402351768659e-01
4.896733019973285028e-01 8.123625372127573074e-01
4.931663909220277420e-01 8.305127328317082336e-01
4.955282507259398117e-01 8.427783067724371469e-01
