4.798208203762323043e-01 7.614998541273831911e-01
4.546731487266228444e-01 6.310005932215668745e-01
4.491899369309981793e-01 6.020860524966217264e-01
4.487262339236630093e-01 5.995510566939334929e-01
4.492440411352880414e-01 6.024337244505967304e-01
4.494703137659792902e-01 6.038367048310924190e-01
4.493614979582719604e-01 6.033897444179276981e-01
4.489857076660029311e-01 6.015007937983465336e-01
4.483924792956801575e-01 5.984875929064966682e-01
4.476219613866109781e-01 5.945635345310836817e-01
4.467016102320623960e-01 5.898725458856362014e-01
4.456508008319538527e-01 5.845176660939114255e-01
4.444832976990645834e-01 5.785761747491252605e-01
4.432148411762675821e-01 5.721152134360534269e-01
4.418528453204418338e-01 5.651900120493180690e-01
4.404037887755659075e-01 5.578496227944873542e-01
4.388850429546298226e-01 5.501438701198728687e-01
4.372964587224345001e-01 5.421138564561609474e-01
4.356519423101758992e-01 5.338027430280810615e-01
4.339556126475362374e-01 5.252478160432447751e-01
4.322112482509460341e-01 5.164832076134016070e-01
4.304242688402283301e-01 5.075374137351631454e-01
4.286044789556399115e-01 4.984391201948875638e-01
4.267530518257840466e-01 4.892081670244227132e-01
4.248751003712091801e-01 4.798661511090614451e-01
4.229678664106457653e-01 4.704180450544636072e-01
4.210412405415642212e-01 4.608775412328079968e-01
4.190930744498658211e-01 4.512525495239897988e-01
4.171264247351013088e-01 4.415464991706894993e-01
4.151492266061886371e-01 4.317757627412279198e-01
4.131620778914008030e-01 4.219553366216815538e-01
4.111733941620889787e-01 4.121136119779709173e-01
4.091979071736986939e-01 4.022894011565520400e-01
4.072460004067044448e-01 3.925348304702786506e-01
4.053338940482099084e-01 3.829220845650372351e-01
4.034820989929930879e-01 3.735320041252134793e-01
4.017110217279414308e-01 3.644553999184334536e-01
4.000364080451546123e-01 3.557834697658109335e-01
3.984584191691012411e-01 3.475372961484023970e-01
3.969943323102445021e-01 3.396740012620316773e-01
3.959145937600474507e-01 3.335389490627963527e-01
3.952632505745036218e-01 3.297257691444726024e-01
3.949494705976455133e-01 3.274778157313803506e-01
3.949861702694155152e-01 3.269269190082644272e-01
3.954813967357968529e-01 3.286368597930559576e-01
3.965867039779463754e-01 3.333610137887089153e-01
3.985602500743641308e-01 3.422626178273641129e-01
4.015545310341708252e-01 3.571548173949598004e-01
4.052102330526564100e-01 3.750036111838959130e-01
4.030813411852177675e-01 3.613852329838457278e-01
4.071570640139030584e-01 3.810131054851746413e-01
4.088659309361606931e-01 3.936718122764894523e-01
4.128173440705524277e-01 4.125257660772566615e-01
4.168825018945779837e-01 4.338352627389444605e-01
4.213721099567523387e-01 4.572315957275217002e-01
4.262117728419403395e-01 4.824267068938646874e-01
4.313571887756497691e-01 5.091931775368172541e-01
4.367650990559787672e-01 5.373107198626931869e-01
4.423807992501551656e-01 5.665208905049186061e-01
4.481563566128301535e-01 5.965406043706018568e-01
4.540120351033065660e-01 6.270021501259797070e-01
4.598726224334929169e-01 6.574558506914631728e-01
4.656083607182293083e-01 6.872792599009787118e-01
4.710483064570279987e-01 7.155578435156670913e-01
4.759109115221391573e-01 7.408298714968759580e-01
4.797344224503153898e-01 7.607045596585573222e-01
4.818665906810246646e-01 7.717900337889570528e-01
4.817806126265723465e-01 7.713472822018497821e-01
4.796195355615372469e-01 7.601223330664478306e-01
4.760779370815891864e-01 7.417179544152944226e-01
4.718206099349591676e-01 7.195977201550626257e-01
4.672859031630649529e-01 6.960345952518978141e-01
4.627357248266605327e-01 6.723945500620838178e-01
4.583381657789337149e-01 6.495423860305838959e-01
4.542038452905814427e-01 6.280597866146758745e-01
4.504118962996548348e-01 6.083599119145702838e-01
4.470209678234502437e-01 5.907382773876066473e-01
4.440666082548396787e-01 5.753888890881093676e-01
4.415703192669920840e-01 5.624158766856443004e-01
4.395353512998517731e-01 5.518438322621700420e-01
4.379551417132167002e-01 5.436328391959008854e-01
4.368099164228549380e-01 5.376840770032982331e-01
4.360764032893007514e-01 5.338706518943533430e-01
4.357271503230154552e-01 5.320558883098210901e-01
4.357394788871651881e-01 5.321199557104416833e-01
4.361001966890032389e-01 5.339943058167183620e-01
4.368083339125368725e-01 5.376779520006080837e-01
4.378861027922537064e-01 5.432761945758064481e-01
4.393724999540656873e-01 5.509977213919131644e-01
4.413249966586811901e-01 5.611452962730792970e-01
4.438142847173578431e-01 5.740779934574127275e-01
4.469362843363707816e-01 5.903004844093144854e-01
4.509217576121944959e-01 6.110098227636443502e-01
4.564960310763532259e-01 6.399750498707449387e-01
4.655944177765708458e-01 6.872368562815293069e-01
4.783249730193667171e-01 7.533986598267895518e-01
4.882355213466053057e-01 8.048953795277210554e-01
4.933879440796026805e-01 8.316719652729291923e-01
