4.642106059936598195e-01 6.799398375756409152e-01
4.525270191655779151e-01 6.193255896294850293e-01
4.542774301175606100e-01 6.286588351510691286e-01
4.571490541054074042e-01 6.435295262011940798e-01
4.591527438986883758e-01 6.538150171425604062e-01
4.604409454112838307e-01 6.604572784534210594e-01
4.612746004990506687e-01 6.647822760118967667e-01
4.617953008268060877e-01 6.674924583785996068e-01
4.620788865043140570e-01 6.689621342034444140e-01
4.621671320833137808e-01 6.694072496446726861e-01
4.620759363831221656e-01 6.689556761102820603e-01
4.618361751815758809e-01 6.677001030244493762e-01
4.614526014786833885e-01 6.656979488585964555e-01
4.609333522798054750e-01 6.629914296337088286e-01
4.602825921153415600e-01 6.596112469196457884e-01
4.595092248273418001e-01 6.555850993585918829e-01
4.586140434248731079e-01 6.509350289043475124e-01
4.576068248022251983e-01 6.456862259642822677e-01
4.564863357607036876e-01 6.398578397396735840e-01
4.552591609809860662e-01 6.334755363390656147e-01
4.539313281023847901e-01 6.265631235180739722e-01
4.525072726115808019e-01 6.191515998052976588e-01
4.509924686929394078e-01 6.112693735396138583e-01
4.493934374351988836e-01 6.029502962436525948e-01
4.477189940971049165e-01 5.942335535354155152e-01
4.459770740977723746e-01 5.851609826776672518e-01
4.441718566016188419e-01 5.757733846941346378e-01
4.423192346678549436e-01 5.661222155353119456e-01
4.404242434360931546e-01 5.562584653568187765e-01
4.384986402543934458e-01 5.462369792562378201e-01
4.365545015796913342e-01 5.361204243445630846e-01
4.346042665849684239e-01 5.259733401811748088e-01
4.326607379342425896e-01 5.158671987052412256e-01
4.307415838244316730e-01 5.058833862754413824e-01
4.288589696223463199e-01 4.961044406284678687e-01
4.270347562174583445e-01 4.866286622609342638e-01
4.252872494606677045e-01 4.775644959960701486e-01
4.236401510944549642e-01 4.690295561405791736e-01
4.221219390048712716e-01 4.611669310831454927e-01
4.207639384228123447e-01 4.541476250319982921e-01
4.196081690411399556e-01 4.481731032846857921e-01
4.187006933048595947e-01 4.434873679180574291e-01
4.180993543997675865e-01 4.403914598213294895e-01
4.178741344754518527e-01 4.392413263728871531e-01
4.181040929681224538e-01 4.404353912720698205e-01
4.188658727666001447e-01 4.443880353176372089e-01
4.202225971519800707e-01 4.514402162224942505e-01
4.222120137975627907e-01 4.617560311908446846e-01
4.246364857143438698e-01 4.743546214731148014e-01
4.271607539147032617e-01 4.875577200000241751e-01
4.297133306566787159e-01 5.008339424497366688e-01
4.322989363174456479e-01 5.142588038971313003e-01
4.349599770941112720e-01 5.280675311891104284e-01
4.377626233676275569e-01 5.426235296980602696e-01
4.407672801005503849e-01 5.582431627754103065e-01
4.440182335482431020e-01 5.751356124087455557e-01
4.475317805242235991e-01 5.933925380402800265e-01
4.513096165849560526e-01 6.130139279444656308e-01
4.553317647397124857e-01 6.339131308145167232e-01
4.595698839396319402e-01 6.559443582670468897e-01
4.639887502085593973e-01 6.789054609359509440e-01
4.685324374771758782e-01 7.025216555918154526e-01
4.677637684891156056e-01 6.985134901185673373e-01
4.722737212809329788e-01 7.219418837236674102e-01
4.767197532398814719e-01 7.450529678184180105e-01
4.809110951187520744e-01 7.668353106465373159e-01
4.844767628310097107e-01 7.853604382435709352e-01
4.867334490404896519e-01 7.970877050003437603e-01
4.868469395010261991e-01 7.976787053062320831e-01
4.846733560778487826e-01 7.863858258363903841e-01
4.809233931129873185e-01 7.669004466914657314e-01
4.763084551318093052e-01 7.429189813615393323e-01
4.712443997682891350e-01 7.166053298882797407e-01
4.659649704191617392e-01 6.891758396388146801e-01
4.606299571062560383e-01 6.614509813647463377e-01
4.553701945164826403e-01 6.341238468966083897e-01
4.503215312113234003e-01 6.078885078318008173e-01
4.456220345984850395e-01 5.834692071214990783e-01
4.414136670405989227e-01 5.616018878399491321e-01
4.378221405114517961e-01 5.429415529971397536e-01
4.349425643139571696e-01 5.279770517293265186e-01
4.328172419483961031e-01 5.169335527704836952e-01
4.314342672391198175e-01 5.097491532974547379e-01
4.307355930978474801e-01 5.061187139960370285e-01
4.306317038952558462e-01 5.055771639207410351e-01
4.310222874222007228e-01 5.076066954605453763e-01
4.318160181882442772e-01 5.117293772078325143e-01
4.329392496444396388e-01 5.175675233558689747e-01
4.343494849525038060e-01 5.248953209684528165e-01
4.360390029473865670e-01 5.336759657960508108e-01
4.380508029629095468e-01 5.441312765087545911e-01
4.404971773374811717e-01 5.568413828323998116e-01
4.435891751274140260e-01 5.729079620146675378e-01
4.477189044243115590e-01 5.943648623470676462e-01
4.537985147844147971e-01 6.259578161318851697e-01
4.647802301823237836e-01 6.830181115191505947e-01
4.808890674781450270e-01 7.667285294378396454e-01
4.914074204854382844e-01 8.213770509225494232e-01
