4.757552770103905537e-01 7.395415298211158728e-01
4.814333002693131358e-01 7.693295599286361641e-01
4.859025350083281958e-01 7.928372743044086457e-01
4.894585832956003246e-01 8.113757907988942142e-01
4.917183223081422749e-01 8.231132698253359470e-01
4.919024428843455365e-01 8.240745038131241929e-01
4.900082650790554273e-01 8.142486133831384754e-01
4.869238260296597232e-01 7.982376459765039289e-01
4.832723569904893712e-01 7.792841193307898928e-01
4.793168677378353837e-01 7.587552758703833833e-01
4.751641980378145114e-01 7.372054104325305168e-01
4.708619293764678693e-01 7.148857848334415621e-01
4.664390996991373273e-01 6.919274941399990997e-01
4.619091496026989097e-01 6.684245955605204736e-01
4.572887069081323919e-01 6.444633125650949257e-01
4.526519738341907573e-01 6.204121277885014107e-01
4.480817010925232102e-01 5.967150057196561885e-01
4.436352332825151956e-01 5.736782580861284897e-01
4.393899348210097422e-01 5.516795830087410923e-01
4.354066906417184968e-01 5.310332762427220077e-01
4.316784028076662283e-01 5.117252210745133478e-01
4.214797139816351956e-01 4.577735721924197088e-01
4.192640653698294084e-01 4.462207996081005157e-01
4.174266385798972023e-01 4.366152216288273213e-01
4.159620645477815071e-01 4.289261282078886128e-01
4.148526057162720826e-01 4.230690484326729561e-01
4.140752771870929161e-01 4.189160926124800843e-01
4.135966942714242589e-01 4.163050426895793521e-01
4.133824999116579302e-01 4.150351152254210252e-01
4.133871293019162341e-01 4.148933859974789917e-01
4.135716116004444221e-01 4.156724588300941270e-01
4.138939470533639087e-01 4.171576440710302869e-01
4.143181758167396866e-01 4.191689803081116161e-01
4.148099638710831538e-01 4.215498792559200236e-01
4.153526732112922115e-01 4.242069239907402811e-01
4.159311481715971537e-01 4.270894267124145660e-01
4.165498129749873324e-01 4.302246715314164138e-01
4.172262904041114107e-01 4.337167427730501124e-01
4.179912003353281613e-01 4.377382485062192297e-01
4.188948706253197152e-01 4.425507612251408096e-01
4.199980319705999277e-01 4.484644604677143764e-01
4.213685253654059215e-01 4.558366016522069075e-01
4.230749541370467104e-01 4.650073867398176741e-01
4.251755061695782212e-01 4.762597405758390301e-01
4.277041371441122619e-01 4.897543871413592709e-01
4.306140125674523533e-01 5.053807124288968167e-01
4.340794269612314737e-01 5.233090781598468411e-01
4.370874836988468681e-01 5.406918369031120664e-01
4.420893383769615714e-01 5.617931559011931641e-01
4.429856270058266099e-01 5.728023311697313380e-01
4.470056343391290987e-01 5.908819864565177937e-01
4.501640967199609933e-01 6.073711426529376789e-01
4.533165676496365704e-01 6.238382739165688751e-01
4.565313968431029545e-01 6.405220097097621412e-01
4.598222252341764293e-01 6.575704917259939108e-01
4.631966186310755296e-01 6.750621170852380004e-01
4.666589044571766709e-01 6.929942051597434149e-01
4.701729860720600396e-01 7.112265988658725835e-01
4.736931021579697809e-01 7.294976310981731160e-01
4.771334168789350683e-01 7.473368181869675109e-01
4.803429836396019836e-01 7.639897021617517714e-01
4.830928693930774953e-01 7.782714821623744061e-01
4.850512638912485297e-01 7.884294898181222200e-01
4.858325025384079843e-01 7.924767123987236372e-01
4.852379264491332167e-01 7.893750640076807601e-01
4.834333716340635800e-01 7.799920565598428279e-01
4.807973951846654659e-01 7.662867473630149417e-01
4.776715359188392074e-01 7.500366988374518318e-01
4.742866087781544282e-01 7.324445644005115330e-01
4.707871577470702507e-01 7.142553975643900488e-01
4.672603270198339986e-01 6.959235314242799841e-01
4.637605227184710133e-01 6.777334012676695663e-01
4.603221260109182644e-01 6.598673821780325355e-01
4.569704592768609741e-01 6.424501825390527276e-01
4.537234367654332523e-01 6.255766182513572415e-01
4.505996328657849159e-01 6.093432060590169286e-01
4.476231568572505704e-01 5.938752249373442371e-01
4.448315962400195001e-01 5.793720075638981726e-01
4.422887942428418429e-01 5.661573348121535787e-01
4.400914938468532545e-01 5.547378530318746170e-01
4.383727056540112077e-01 5.458047281846475363e-01
4.372803033291740027e-01 5.401284329014259811e-01
4.369178781703652037e-01 5.382410836099069673e-01
4.372751407105459620e-01 5.400974742236090975e-01
4.382339844461194400e-01 5.450777861742427399e-01
4.396444172155719032e-01 5.524027323692255464e-01
4.414133353789968517e-01 5.615962884559064783e-01
4.435536491420645211e-01 5.727157040268848753e-01
4.462055925519377020e-01 5.864994416263540344e-01
4.497328701593197309e-01 6.048231608847194352e-01
4.549637561553092624e-01 6.320050832454852108e-01
4.635812513231071796e-01 6.767982843158165673e-01
4.757059857339668851e-01 7.398008966481498527e-01
4.859669604775004870e-01 7.931075914716647635e-01
4.917050333924650185e-01 8.229211876819263471e-01
4.949832599995681037e-01 8.399514599511329616e-01
