4.799953727145614968e-01 7.620508921069316655e-01
4.563430528274027287e-01 6.391225738366190789e-01
4.518394182629987821e-01 6.158229953791757305e-01
4.528501771061901326e-01 6.211354155751080963e-01
4.549456038069503161e-01 6.319953224700496364e-01
4.566233858968065107e-01 6.406629368893195231e-01
4.578464120757383959e-01 6.469985229728349996e-01
4.587370986030729347e-01 6.516248907385083777e-01
4.593792736471500882e-01 6.549651137946467250e-01
4.598239093753354045e-01 6.572762404618994747e-01
4.601002557203129895e-01 6.587140100642340235e-01
4.602288668098736268e-01 6.593795780101910919e-01
4.602183597017009964e-01 6.593352458662838922e-01
4.600824591047439904e-01 6.586283577714898696e-01
4.598204845767472904e-01 6.572863100501143974e-01
4.594474207438658531e-01 6.553368936424819324e-01
4.589551393058479145e-01 6.527873161816919456e-01
4.583524893811591339e-01 6.496546776058181871e-01
4.576393949169489384e-01 6.459482004352682383e-01
4.568139526909557047e-01 6.416749246303472543e-01
4.558832071436884070e-01 6.368452601959726511e-01
4.548481500839924307e-01 6.314731204101929896e-01
4.537095640583683198e-01 6.255702955547813859e-01
4.524732438326073969e-01 6.191512631675278877e-01
4.511384830019224967e-01 6.122347866690766027e-01
4.497152574809852310e-01 6.048433294079708089e-01
4.482027111075749248e-01 5.970009624487943034e-01
4.466113574364652394e-01 5.887413258824564233e-01
4.449448352335053647e-01 5.800967296422435693e-01
4.432110843685912460e-01 5.711078563753039239e-01
4.414227654356664976e-01 5.618220699648230898e-01
4.395866657984308645e-01 5.522931805095553370e-01
4.377153094571213376e-01 5.425801785029291668e-01
4.358207876367328204e-01 5.327513865932539394e-01
4.339213305646516528e-01 5.228854068393562482e-01
4.320310360923780846e-01 5.130667642113712068e-01
4.301718910202548263e-01 5.033950281936867555e-01
4.283579085677532983e-01 4.939731560554389000e-01
4.266226770476733710e-01 4.849325676991282918e-01
4.249850558747421125e-01 4.764053312220923875e-01
4.234797599271612478e-01 4.685580188306107674e-01
4.221390669575481591e-01 4.615763369416571171e-01
4.210134189210724132e-01 4.557043793921048969e-01
4.201563591548416743e-01 4.512202400319385021e-01
4.196344613850552241e-01 4.484824816454278107e-01
4.195272679055013221e-01 4.479083810404024812e-01
4.199319246321567833e-01 4.499887741552143772e-01
4.209488871976090896e-01 4.552395262549962518e-01
4.225528059657243651e-01 4.635672277219107795e-01
4.246208898285793176e-01 4.743714208932435783e-01
4.271082229712083733e-01 4.873213977127414664e-01
4.299277331009131453e-01 5.019631716676349331e-01
4.330079173839325168e-01 5.179645947936901695e-01
4.363304003603975523e-01 5.352314137776585934e-01
4.399031517489594423e-01 5.537835087664854106e-01
4.437308193217622820e-01 5.736583612445952385e-01
4.478112527544099164e-01 5.948704783451643774e-01
4.521459442128955564e-01 6.173956914433588183e-01
4.567236566553264376e-01 6.411645199428402941e-01
4.615105939601096274e-01 6.660487973896949132e-01
4.664904836197262261e-01 6.918942217766135272e-01
4.716075214959356554e-01 7.184692238263272746e-01
4.719901162789076898e-01 7.204941083895594067e-01
4.773308134639293598e-01 7.482551591640875799e-01
4.826619824414369875e-01 7.759724591484205014e-01
4.877579945441735676e-01 8.024652814568947745e-01
4.918812124499346017e-01 8.238989307687707431e-01
4.927898533786595481e-01 8.286268859067541515e-01
4.895054291223309151e-01 8.115644415973730652e-01
4.844754441054497374e-01 7.854303629587600089e-01
4.789367898468150364e-01 7.566500160485936100e-01
4.732588054866682659e-01 7.271422322010883121e-01
4.676000565952472821e-01 6.977371755867038949e-01
4.620704778894452747e-01 6.690013232401732512e-01
4.567688951384377138e-01 6.414463587039351822e-01
4.517933438090380727e-01 6.155867285009084533e-01
4.472421334047955721e-01 5.919334015265318438e-01
4.432072442682782332e-01 5.709644400268573117e-01
4.397638345251311254e-01 5.530650752168030371e-01
4.369579938985627132e-01 5.384820219263075636e-01
4.348050244466754588e-01 5.272894647193117068e-01
4.332852814583334489e-01 5.193871887398533449e-01
4.323509309911797160e-01 5.145302860740099682e-01
4.319384040963011318e-01 5.123830665625487280e-01
4.319753999999700333e-01 5.125734460739642673e-01
4.323952466766344815e-01 5.147514293774857475e-01
4.331420361223325965e-01 5.186318290281403121e-01
4.341820141088720275e-01 5.240357037711841359e-01
4.355075261056168268e-01 5.309215230874433367e-01
4.371446439948881713e-01 5.394265223052997493e-01
4.391654011244950362e-01 5.499249883068069167e-01
4.416995129397668918e-01 5.630927872951272395e-01
4.449591130704235731e-01 5.800285165280435473e-01
4.493379359484335200e-01 6.027819892458752271e-01
4.559223195937439077e-01 6.369937495031799957e-01
4.677657194325517964e-01 6.985271826410781593e-01
4.829747087583247112e-01 7.775593954517211470e-01
4.919693708385796671e-01 8.243011776592826800e-01
