4.610050011665997038e-01 6.639944332600921095e-01
4.668330919139804802e-01 6.946554943611388255e-01
4.697884945920713928e-01 7.094169813003312619e-01
4.707921776687013504e-01 7.141802196978698225e-01
4.709360218264275755e-01 7.148854498364192178e-01
4.706370393543369279e-01 7.133584992578779760e-01
4.700526798075578827e-01 7.103285674329817834e-01
4.692519484200947111e-01 7.061588473948552380e-01
4.682738636385050945e-01 7.010601850608568775e-01
4.671414361003923821e-01 6.951697869969361010e-01
4.658791792165294932e-01 6.885850833189914866e-01
4.644917983851186150e-01 6.813767570129507511e-01
4.630011075610571680e-01 6.736071226739466233e-01
4.614137389976153969e-01 6.653275955595517877e-01
4.597365467799781058e-01 6.565837659008041394e-01
4.579783887366741801e-01 6.474214917459892860e-01
4.561523197564488763e-01 6.378832199138382286e-01
4.542603982192378043e-01 6.280147003440026410e-01
4.523138884146148397e-01 6.178577362913352244e-01
4.503233722227477642e-01 6.074604511757025760e-01
4.482991264662909980e-01 5.968704145236652936e-01
4.462468450988857915e-01 5.861333822480639943e-01
4.441795179195028864e-01 5.752970393413248118e-01
4.421032547904019672e-01 5.644088267435160011e-01
4.400297998696641733e-01 5.535119635694372153e-01
4.379705784314264494e-01 5.426567251291058991e-01
4.359312086236760142e-01 5.318822675314399673e-01
4.339193559037122228e-01 5.212315727631259277e-01
4.319525576101667097e-01 5.107498273162259794e-01
4.300334339113357496e-01 5.004793451576636798e-01
4.281760475603868521e-01 4.904626287113997285e-01
4.263930798257268284e-01 4.807537980490301788e-01
4.247019258033803424e-01 4.714141143503708942e-01
4.231160619562679970e-01 4.625102486571261995e-01
4.216586303803421254e-01 4.541317671203162765e-01
4.203564499970314228e-01 4.463926515147506602e-01
4.192391541148778877e-01 4.394282319203760556e-01
4.183478060546985677e-01 4.334122678596183942e-01
4.177245715209522148e-01 4.285457115111407922e-01
4.174183121305914401e-01 4.250679780157344267e-01
4.174772452011340507e-01 4.232346117567782895e-01
4.179543743282697621e-01 4.233163798645816489e-01
4.188864970405748456e-01 4.255576821238313823e-01
4.203093534207289483e-01 4.301735605589171452e-01
4.222374218861870698e-01 4.373266197979590597e-01
4.246846417695512299e-01 4.471550515511393820e-01
4.275863255485269354e-01 4.596384566620169698e-01
4.310016888401826396e-01 4.752002930762521116e-01
4.352244107586872301e-01 4.937336672927156167e-01
4.377875018361682136e-01 5.080684260826022758e-01
4.383880304593706922e-01 5.159868894355945645e-01
4.390712682359667607e-01 5.229879743736274289e-01
4.398609440962738537e-01 5.305301365491499332e-01
4.409792155279622650e-01 5.395240817999493732e-01
4.424962450011339365e-01 5.503247353851574708e-01
4.444279975307841579e-01 5.630350393049246005e-01
4.467662657907000012e-01 5.776219172856078554e-01
4.494846133291983126e-01 5.939687828643750445e-01
4.525560475840212371e-01 6.119081197521140103e-01
4.559322334577389779e-01 6.312217396278864134e-01
4.595667501127284615e-01 6.516500700748752983e-01
4.633957302915520104e-01 6.728842245467990812e-01
4.673492651483123761e-01 6.945534712924888998e-01
4.713263183811878254e-01 7.161656237472138198e-01
4.751969754064527818e-01 7.370274085249955975e-01
4.787428552391287395e-01 7.560490587749179037e-01
4.816261844962029248e-01 7.714763797282983004e-01
4.833478770839448879e-01 7.807471745597569512e-01
4.834187615397839144e-01 7.813296009540002807e-01
4.817363532042208130e-01 7.727111015100279756e-01
4.786678947012335539e-01 7.568218852161296972e-01
4.746943352345718292e-01 7.361734772056243159e-01
4.762684017680312021e-01 7.412474818762546658e-01
4.719503242374070151e-01 7.188672119076469080e-01
4.672379392459301561e-01 6.944628542545214778e-01
4.623033200186418834e-01 6.689183487323544508e-01
4.572791848398156667e-01 6.429203992646606025e-01
4.522947941039077713e-01 6.171335860062531209e-01
4.474926642454195580e-01 5.922959062439188127e-01
4.430362583776119023e-01 5.692537135914901292e-01
4.391041818994216306e-01 5.489279231716087670e-01
4.358603881388475876e-01 5.321739524423028111e-01
4.334232850248290747e-01 5.196013628604341239e-01
4.318335937363046995e-01 5.114217027877320243e-01
4.310528117685412108e-01 5.074300727112677212e-01
4.309796699365677775e-01 5.071099322650303165e-01
4.314914151451056945e-01 5.098163246973084206e-01
4.324692757058279380e-01 5.149357461103990508e-01
4.338199423777001074e-01 5.219869832631117701e-01
4.354912923114981904e-01 5.306995835967400765e-01
4.374862621900981186e-01 5.410891847458163539e-01
4.398876073214184612e-01 5.535860647112549326e-01
4.428764106224677977e-01 5.691346074135303912e-01
4.468405084375290381e-01 5.897468970633519270e-01
4.526759431488946439e-01 6.200806993496131847e-01
4.632883947829746774e-01 6.752416568015380260e-01
4.797896994181101715e-01 7.610037974008739825e-01
4.910817316277085731e-01 8.196801583926069945e-01
