4.888522384943836951e-01 8.081094326850825071e-01
4.640208740984109181e-01 6.790975565642951572e-01
4.529113031828289060e-01 6.213843100145004517e-01
4.506726501132823914e-01 6.097513873027708975e-01
4.517312632181810228e-01 6.152571210307715699e-01
4.533823863011768873e-01 6.238416862865097112e-01
4.547894544884371615e-01 6.311579453656503969e-01
4.558995134104644187e-01 6.369336441386161951e-01
4.567688019772027097e-01 6.414591512521928829e-01
4.574452507895427900e-01 6.449833890926491842e-01
4.579605244537957032e-01 6.476707863274833166e-01
4.583348798149741721e-01 6.496265107015568585e-01
4.585812203151767297e-01 6.509211708973927646e-01
4.587082493690085583e-01 6.515983685553017324e-01
4.587219934798699716e-01 6.516857410850568355e-01
4.586227540917346968e-01 6.511980681486861933e-01
4.584168915264583699e-01 6.501438869545659305e-01
4.580998819612955852e-01 6.485213240934539769e-01
4.576666466880507933e-01 6.463229252331997854e-01
4.571266063526753243e-01 6.435468301440596672e-01
4.564672262303129391e-01 6.401764603921770158e-01
4.556944239027956867e-01 6.362039316651152410e-01
4.547980979394242729e-01 6.316127260409923894e-01
4.537762595033436042e-01 6.263901586285423040e-01
4.526326488673982351e-01 6.205288310512897532e-01
4.513557370959568882e-01 6.140166989650408524e-01
4.499489606371076533e-01 6.068518917837308901e-01
4.484120110217591493e-01 5.990375834605713434e-01
4.467469616463892734e-01 5.905813183276420464e-01
4.449478669454232094e-01 5.814978793494429699e-01
4.430229366295955207e-01 5.718155305216001683e-01
4.409772706290651656e-01 5.615737963407096967e-01
4.388146601432091343e-01 5.508222180468667073e-01
4.365466882936797077e-01 5.396282905840179556e-01
4.341851791932966331e-01 5.280713121440112623e-01
4.317382022079726545e-01 5.162429805921122661e-01
4.292292640518099445e-01 5.042599169138897164e-01
4.266702035974857532e-01 4.922445017349840191e-01
4.240924487349960748e-01 4.803495116883749194e-01
4.215166944657438575e-01 4.687343234563875471e-01
4.189785197749139600e-01 4.575853631474771088e-01
4.165125442292912927e-01 4.471169605502352540e-01
4.141643448602781996e-01 4.375700941540182631e-01
4.119927755024077598e-01 4.292385997272791243e-01
4.100595752167269792e-01 4.224780581766325316e-01
4.084665987066485315e-01 4.177621578340745545e-01
4.073400615695578209e-01 4.157004696666258825e-01
4.069159758268309224e-01 4.172123034544069631e-01
4.071645144637868197e-01 4.233813375470447116e-01
4.092883260521820166e-01 4.332445187388081487e-01
4.124475278824001334e-01 4.450761584662789594e-01
4.162029753311645708e-01 4.602771925049792823e-01
4.204807737679423507e-01 4.784038071051049390e-01
4.251328526165780164e-01 4.987569289146334683e-01
4.300843525131945455e-01 5.210035721196958347e-01
4.352971381358430314e-01 5.449551098375309266e-01
4.407487992054807124e-01 5.704736879346257172e-01
4.464187073344440537e-01 5.974332235490951160e-01
4.522828766175746584e-01 6.256953632433360779e-01
4.583137636232164080e-01 6.551127668403585735e-01
4.644869860774476500e-01 6.855264791179406236e-01
4.707664287526274194e-01 7.167638326002575555e-01
4.771268622696042683e-01 7.486565974647599875e-01
4.835395240371683778e-01 7.810341562469486076e-01
4.899740276572280839e-01 8.137246619051511365e-01
4.963936471450137167e-01 8.465153483968668180e-01
4.976576206110843725e-01 8.526698714354068454e-01
4.914592884437540277e-01 8.201802758691556505e-01
4.852831073171210430e-01 7.879185381183938519e-01
4.791930856472149669e-01 7.561904249450736026e-01
4.732413146316408747e-01 7.252486439089231851e-01
4.674844100683401282e-01 6.953756111267107576e-01
4.674844819280215558e-01 6.983620989574694793e-01
4.620528808187870928e-01 6.700706499863223753e-01
4.569715012107142260e-01 6.435810850015294404e-01
4.523042254197614520e-01 6.192357504902459286e-01
4.481127657164508671e-01 5.973541131758037803e-01
4.444444982820900947e-01 5.781940751150095315e-01
4.413354288746144660e-01 5.619384303574842532e-01
4.387975959566809414e-01 5.486601516481851570e-01
4.368248300349560909e-01 5.383264981068422994e-01
4.353928137176787394e-01 5.308045362031742487e-01
4.344589311895850070e-01 5.258829671430731434e-01
4.339756917000846537e-01 5.233099227761156547e-01
4.338933311969234152e-01 5.228271921887484019e-01
4.341678612259809444e-01 5.242064421756412740e-01
4.347681622419498071e-01 5.272842281528882236e-01
4.356808413976802630e-01 5.319929409055077496e-01
4.369189263799759804e-01 5.383984724618371409e-01
4.385276133552228339e-01 5.467300516976402180e-01
4.405878264990416016e-01 5.574100997082688247e-01
4.432199948811170187e-01 5.710683872057342736e-01
4.466149878992820010e-01 5.886929791412102153e-01
4.511820783911208999e-01 6.124105832475972289e-01
4.582260857196473469e-01 6.489949519787768795e-01
4.705792609248010128e-01 7.131600127431826364e-01
4.845356049044305946e-01 7.856606888999783100e-01
4.922857491334486357e-01 8.259459648705311796e-01
