4.990153416468185998e-01 8.609042674688294206e-01
4.960811615995189272e-01 8.456165792508670842e-01
4.909610734196450110e-01 8.189471715112793815e-01
4.792978407449953737e-01 7.582161422345311541e-01
4.639918698691037902e-01 6.783787771706804026e-01
4.551931848265612368e-01 6.321993536467447328e-01
4.509980401550293672e-01 6.098915621319781488e-01
4.502350608250679231e-01 6.054795736735293366e-01
4.525510232767550045e-01 6.171498671358618404e-01
4.563969674578007840e-01 6.368819702352441769e-01
4.605959422463824504e-01 6.584803740028993824e-01
4.646881870750071419e-01 6.794784107118989613e-01
4.685243081022818501e-01 6.990582636078110923e-01
4.720244775671453841e-01 7.168395662788822342e-01
4.751309393645687384e-01 7.325225691255109473e-01
4.777775464876679590e-01 7.457800052423756432e-01
4.799064838659546361e-01 7.562671558118779780e-01
4.814493707643356935e-01 7.636720290625990115e-01
4.823841900547929384e-01 7.678432949412627995e-01
4.827280952798900793e-01 7.688952451059994919e-01
4.825600014450392994e-01 7.672317337800445003e-01
4.820004309735074766e-01 7.634638969017666366e-01
4.811746437322394487e-01 7.582508355106803988e-01
4.801966146017787596e-01 7.521959139072589284e-01
4.791617861766689357e-01 7.457958472899849367e-01
4.781443438230712495e-01 7.394443266081391908e-01
4.771970235764840806e-01 7.334380282938678386e-01
4.763637082951653334e-01 7.280089187372692505e-01
4.756718363650636605e-01 7.233294556198410774e-01
4.751404773086214672e-01 7.195331654325375359e-01
4.747890708537652049e-01 7.167297099004810157e-01
4.746232184149754008e-01 7.150006011047078669e-01
4.746517783492995024e-01 7.144194439068184410e-01
4.748725936928582803e-01 7.150387288114783413e-01
4.752913907539291216e-01 7.169148569468756227e-01
4.759076240515703327e-01 7.200957595615633533e-01
4.767215144184300812e-01 7.246296130060253526e-01
4.777330344790193806e-01 7.305618414793036974e-01
4.789463881343715146e-01 7.379460373979785937e-01
4.803641140405042753e-01 7.468226334950939238e-01
4.819911618616037341e-01 7.572227633881072340e-01
4.838249180696767571e-01 7.691392558083056663e-01
4.858524098633213995e-01 7.824772138860015547e-01
4.880215121896344654e-01 7.969485248972978386e-01
4.902144964631219293e-01 8.118459405100821868e-01
4.920578785474177819e-01 8.252425083375587445e-01
4.925915195704290706e-01 8.320398579224107527e-01
4.906547062422352834e-01 8.260742791681784380e-01
4.868474505593065604e-01 8.107411316642335608e-01
4.827055593340330852e-01 7.920571468853329078e-01
4.791802172254638337e-01 7.762824793785527699e-01
4.772930727733671330e-01 7.653515709957890989e-01
4.761978262929004169e-01 7.580817838107772877e-01
4.758803345151226827e-01 7.543026310506313337e-01
4.761717892420668230e-01 7.533719246715092632e-01
4.769029637783708808e-01 7.547204314253908031e-01
4.779500758072330879e-01 7.577823245578778621e-01
4.791745738701086443e-01 7.619424694411099930e-01
4.804377592461811508e-01 7.665250666762322140e-01
4.815802477231912460e-01 7.707356818050890013e-01
4.824309949609767445e-01 7.737089083979743487e-01
4.828198065426759777e-01 7.745754672208914338e-01
4.826192253272666988e-01 7.726277356378151717e-01
4.817641829893687389e-01 7.675417542327681586e-01
4.802824199818921946e-01 7.594148349474153514e-01
4.782627158668128486e-01 7.486786994240314241e-01
4.758232227009199788e-01 7.359122262324868657e-01
4.730811833546117451e-01 7.216985392137859057e-01
4.701420878709047790e-01 7.065579223351392546e-01
4.670967647533003086e-01 6.909319547560415220e-01
4.640194099025387597e-01 6.751889017717067620e-01
4.609718196872624185e-01 6.596280211932119553e-01
4.580032927344813154e-01 6.444948035587670931e-01
4.551545819501524037e-01 6.299926909315165524e-01
4.524593181287102084e-01 6.162816130468230513e-01
4.499431039777754271e-01 6.034918467876139170e-01
4.476275096955620869e-01 5.917307326854879257e-01
4.455306011966772561e-01 5.810892518341630453e-01
4.436689294917663950e-01 5.716546476527476495e-01
4.420648561946934341e-01 5.635384602640345353e-01
4.407469831570896002e-01 5.568951880342511984e-01
4.397633524682110218e-01 5.519701570402292257e-01
4.391850068730302481e-01 5.491303267836549207e-01
4.391035349000105281e-01 5.488560558412576285e-01
4.396125561089784251e-01 5.516297104092569015e-01
4.407524318061668556e-01 5.576635379890998445e-01
4.424652092886478538e-01 5.666612901487446674e-01
4.446179656889776566e-01 5.779330770989347110e-01
4.471052966931499117e-01 5.909281299944504351e-01
4.499617481976608269e-01 6.058279612435792938e-01
4.534783650105989050e-01 6.241452259814951331e-01
4.583892718664608346e-01 6.497071000234775351e-01
4.659204875161347958e-01 6.888716889125611198e-01
4.758264081766946374e-01 7.403734893789903904e-01
4.844969300023375114e-01 7.854479534049633171e-01
4.899106218503483379e-01 8.135870065497422532e-01
4.931950521144068955e-01 8.306520626807660790e-01
4.954760078910592780e-01 8.425131614861841589e-01
