4.620152190585758434e-01 6.681403105920957763e-01
4.644592904687049328e-01 6.816331214219724099e-01
4.716716531711370175e-01 7.193187602537012282e-01
4.770202155088680840e-01 7.467827282379759790e-01
4.810937127852716877e-01 7.677746602260797637e-01
4.843893630166648534e-01 7.848849206895258668e-01
4.870479805019747310e-01 7.987104585776084731e-01
4.889816768906881661e-01 8.087634908672830525e-01
4.899729537904325416e-01 8.139133171069119488e-01
4.898522254546404664e-01 8.132823450318223957e-01
4.887062012475440476e-01 8.073227859781735294e-01
4.868192052342018572e-01 7.975134169320811095e-01
4.844647984101858040e-01 7.852672485230755006e-01
4.818184706614900281e-01 7.715098373430713252e-01
4.789853971194258930e-01 7.567748697409361069e-01
4.760192084772732479e-01 7.413621462496062797e-01
4.729627193995383783e-01 7.254536664476816110e-01
4.698300814335314990e-01 7.091497107926152399e-01
4.666352644582268949e-01 6.925248893133165717e-01
4.633868718328855163e-01 6.756238140626934507e-01
4.600977474412044632e-01 6.584870322117810648e-01
4.567697060180581081e-01 6.411438056794166451e-01
4.534098127103891596e-01 6.236317483958068175e-01
4.500286607460158295e-01 6.059914407903399525e-01
4.466585534707870342e-01 5.883495821772857237e-01
4.433643077349760375e-01 5.710864488203998279e-01
4.401698415118288077e-01 5.544498958212521478e-01
4.370893308882138339e-01 5.383213498449940237e-01
4.341093701381608660e-01 5.226189007894670446e-01
4.312356386480336035e-01 5.074562458220492900e-01
4.285006758880776090e-01 4.929892598697794837e-01
4.259403005253836749e-01 4.793985366898714240e-01
4.235976333560435569e-01 4.668933631002191165e-01
4.215184362041628496e-01 4.556987994923772378e-01
4.197443972399768630e-01 4.460470632158754500e-01
4.183124295125963399e-01 4.381580582058682283e-01
4.172830048694108340e-01 4.322987728552152853e-01
4.167528573196683794e-01 4.288084232719733824e-01
4.166406665063179249e-01 4.277171418497786592e-01
4.169636311597325617e-01 4.289323092071918864e-01
4.176469380493070815e-01 4.321047498840409062e-01
4.185145646989503199e-01 4.364397787817391183e-01
4.194414228539986578e-01 4.415601368477551913e-01
4.210489534886701080e-01 4.500551663776103384e-01
4.229442953146554940e-01 4.611029604592904452e-01
4.248362006638934374e-01 4.717142467496325819e-01
4.267294627704633636e-01 4.823547858260110455e-01
4.284677835024310322e-01 4.933764451773809401e-01
4.313856633710063671e-01 5.075643050132079281e-01
4.307950439167760881e-01 5.071049927098931764e-01
4.332567709416722534e-01 5.180348907730683017e-01
4.320528903720355918e-01 5.156371662243612874e-01
4.338791944014954716e-01 5.224926712922536298e-01
4.354261510952592285e-01 5.305774142849497554e-01
4.373721351028191928e-01 5.407281966396609851e-01
4.396915740654113725e-01 5.527673170833645733e-01
4.423507778685837888e-01 5.665392954951352644e-01
4.453131533942917830e-01 5.819043624636658363e-01
4.485488205362402891e-01 5.987112864707140325e-01
4.520280641903140495e-01 6.167739292745511026e-01
4.556988739411526046e-01 6.358490233060144492e-01
4.595087713213432123e-01 6.556468521778657799e-01
4.633895343017229163e-01 6.758002745492146524e-01
4.672483635863710627e-01 6.958539682121273051e-01
4.709725309373399282e-01 7.152127840197392006e-01
4.744100773318527531e-01 7.330780650345938287e-01
4.773490577133484014e-01 7.483504087866372778e-01
4.795153070911626347e-01 7.595996245194550633e-01
4.806112652255796203e-01 7.652950304991591457e-01
4.804475989376344458e-01 7.644409650446036819e-01
4.790583408612639760e-01 7.572226502906190815e-01
4.766781371901929742e-01 7.448521681594418853e-01
4.735919774561470064e-01 7.288147998717906528e-01
4.700362922161424040e-01 7.103392332548698063e-01
4.661790436279861227e-01 6.902950027135649202e-01
4.621328854172730427e-01 6.692690589909877641e-01
4.579803049075332755e-01 6.476900210205239761e-01
4.537920859645793725e-01 6.259275271198105894e-01
4.496449545145853044e-01 6.043766461283064384e-01
4.456371988982361643e-01 5.835517967660232008e-01
4.419002180797112489e-01 5.641358299358274486e-01
4.386023998233915533e-01 5.469979601289199911e-01
4.359251711059595191e-01 5.330866541668152214e-01
4.340193309011289857e-01 5.231797901945348661e-01
4.329462763261270886e-01 5.176040350649430133e-01
4.326639651557159794e-01 5.161371031928537745e-01
4.330590470573306705e-01 5.181865040053097449e-01
4.339989668271198586e-01 5.230705643695741092e-01
4.353775173328122694e-01 5.302354651160812171e-01
4.371364331761309341e-01 5.393717830399556989e-01
4.392777791467745718e-01 5.505018363959082173e-01
4.419011576547033915e-01 5.641332702744560335e-01
4.452645356114733888e-01 5.816097902815940968e-01
4.499633655026524237e-01 6.060233615648022987e-01
4.576184800967830757e-01 6.458097245598997116e-01
4.710443339686489761e-01 7.155834959303589704e-01
4.852397276012694327e-01 7.893287785999649753e-01
4.927438600981435823e-01 8.283213948539090987e-01
