4.544904236951148868e-01 6.292975085235535948e-01
4.509889479029188797e-01 6.114095043516009076e-01
4.516173832727510273e-01 6.149880841855127622e-01
4.532854115308975196e-01 6.235550241821774531e-01
4.545482224636332447e-01 6.299039618261981222e-01
4.551976655512013914e-01 6.331555555941577040e-01
4.552846040389937343e-01 6.335779649787757206e-01
4.548779637802206066e-01 6.314518375946064355e-01
4.540189328662134205e-01 6.269759379079414829e-01
4.527356295531838049e-01 6.202962967968352892e-01
4.510547285427694009e-01 6.115437321223434752e-01
4.490006302224024970e-01 6.008457821060844140e-01
4.465943273101985467e-01 5.883266165305022222e-01
4.438650389994197587e-01 5.741232892304715119e-01
4.408379730382335770e-01 5.583673977830204693e-01
4.375404024781014423e-01 5.412012207810484865e-01
4.339989093861423841e-01 5.227697350079174576e-01
4.302428195572580716e-01 5.032190762171525611e-01
4.263003700063200396e-01 4.827023808764709378e-01
4.222036531681658267e-01 4.613747693958096252e-01
4.179807891238789819e-01 4.393944733225048638e-01
4.154085753756801003e-01 4.275295738319545014e-01
4.104593442654175250e-01 4.019378323957809029e-01
4.054197932213665645e-01 3.758780745400168155e-01
4.003399319037202475e-01 3.496145326398003017e-01
3.952769332696856042e-01 3.234347752835651790e-01
3.902862535976620584e-01 2.976404664845469505e-01
3.854318560712977071e-01 2.725464807068986861e-01
3.807775398902805142e-01 2.484813391446683839e-01
3.763916567756127041e-01 2.257937729299785701e-01
3.723406321900656346e-01 2.048234014349387677e-01
3.686940952481140843e-01 1.859272212113778355e-01
3.655229776912065631e-01 1.694657296933536339e-01
3.628996758018435131e-01 1.558001655875208280e-01
3.608959430651734190e-01 1.452925139669449250e-01
3.595801610402310500e-01 1.383047025336902602e-01
3.590200737023240274e-01 1.351792275029359280e-01
3.592773575612077663e-01 1.362394209310029969e-01
3.604025944537792014e-01 1.417627151902445259e-01
3.624291300248804748e-01 1.519383050896025711e-01
3.653687682929210312e-01 1.668420243025515171e-01
3.691973022503339807e-01 1.863774144804847821e-01
3.738467563634471080e-01 2.102236443423729229e-01
3.792092193183368432e-01 2.378096414019386096e-01
3.851411378981933753e-01 2.682893356212645020e-01
3.914773481334719030e-01 3.005451854379823651e-01
3.971425089728284896e-01 3.335476223759486492e-01
4.036967915541536112e-01 3.623080716024093539e-01
4.090965553564385737e-01 3.909372940451563139e-01
4.129601358246547393e-01 4.144740099981815695e-01
4.176402840466149624e-01 4.373671048559867325e-01
4.219389809958243864e-01 4.596997377368736148e-01
4.261637601745161819e-01 4.817875752005327250e-01
4.303908686687709650e-01 5.038735968991842062e-01
4.346506628963832664e-01 5.260698956197902287e-01
4.389342285674759925e-01 5.483601152052769434e-01
4.432084878366686076e-01 5.706098317272645382e-01
4.474318146778115679e-01 5.925751095130223911e-01
4.515302931792418706e-01 6.138879518105556654e-01
4.554053768230971189e-01 6.340506196633717284e-01
4.589381202564082329e-01 6.524173174124632268e-01
4.619731722941164964e-01 6.682053651768197211e-01
4.643441356618718818e-01 6.805426168854025182e-01
4.658933940156553821e-01 6.886054336579429114e-01
4.665117526637218015e-01 6.918344504546599660e-01
4.661841815530690103e-01 6.901471015837280509e-01
4.649984827188752279e-01 6.840008569744263633e-01
4.631209473533979271e-01 6.742596006993135660e-01
4.607497303574435432e-01 6.619544831846982946e-01
4.580791062527084234e-01 6.480897008856419950e-01
4.552756248853658816e-01 6.335337807384835429e-01
4.524739514685366948e-01 6.189899659368311990e-01
4.497807673127693917e-01 6.050070207198575689e-01
4.472750270609496259e-01 5.919968261051240521e-01
4.450140122535427567e-01 5.802568608062995681e-01
4.430369931844936882e-01 5.699910266125898239e-01
4.413682193714046353e-01 5.613272172576694308e-01
4.400206772457375681e-01 5.543308197386114244e-01
4.389998267444872315e-01 5.490321715733746943e-01
4.383078664472683794e-01 5.454426668041700843e-01
4.379474907733799660e-01 5.435741567687800702e-01
4.379283389593039422e-01 5.434809214305135194e-01
4.382724390301172557e-01 5.452709999336244895e-01
4.390140280755706614e-01 5.491265207252385983e-01
4.401996513969435032e-01 5.552849874401188934e-01
4.418653691470658118e-01 5.639424250664588634e-01
4.440265361884506712e-01 5.751720767025906289e-01
4.466728400092607743e-01 5.889224822427827633e-01
4.498356489770004019e-01 6.053589610844614111e-01
4.537440258735019882e-01 6.256696522609953570e-01
4.591163655542533917e-01 6.535909696167804261e-01
4.672957958693202407e-01 6.960808600127421641e-01
4.778003073983513316e-01 7.506724172890394398e-01
4.864008796927662415e-01 7.953623018533271249e-01
4.914478200017859399e-01 8.215842159957884583e-01
4.945818108846677941e-01 8.378643783536228185e-01
