-3.110979999999999857e-01 -8.690080000000000027e-01
-2.835159999999999902e-01 -8.571779999999999955e-01
-2.471909999999999941e-01 -8.435780000000000500e-01
-2.114800000000000013e-01 -8.269830000000000236e-01
-1.728760000000000019e-01 -8.020990000000000064e-01
-1.270300000000000040e-01 -7.602250000000000396e-01
-7.345000000000000140e-02 -7.032570000000000210e-01
-2.207699999999999940e-02 -6.533609999999999696e-01
2.152199999999999946e-02 -6.207629999999999537e-01
5.482399999999999773e-02 -6.021199999999999886e-01
7.591900000000000037e-02 -5.973410000000000108e-01
8.375000000000000500e-02 -6.047599999999999643e-01
7.847500000000000309e-02 -6.184589999999999810e-01
5.870899999999999730e-02 -6.329909999999999703e-01
2.402999999999999928e-02 -6.454050000000000065e-01
-2.502700000000000063e-02 -6.541660000000000252e-01
-8.974000000000000032e-02 -6.578659999999999508e-01
-1.665369999999999906e-01 -6.554849999999999843e-01
-2.521809999999999885e-01 -6.460460000000000091e-01
-3.381560000000000121e-01 -6.291999999999999815e-01
-3.662489999999999912e-01 -6.051140000000000407e-01
-2.667729999999999824e-01 -5.745879999999999876e-01
-1.820990000000000109e-01 -5.385739999999999972e-01
-1.128249999999999947e-01 -4.980490000000000195e-01
-5.756700000000000012e-02 -4.537550000000000194e-01
-1.460499999999999993e-02 -4.064720000000000000e-01
1.828799999999999870e-02 -3.571130000000000138e-01
4.098199999999999760e-02 -3.077860000000000040e-01
5.257300000000000167e-02 -2.616580000000000017e-01
5.151700000000000029e-02 -2.225530000000000008e-01
3.700500000000000317e-02 -1.936710000000000098e-01
1.044299999999999916e-02 -1.755400000000000016e-01
-2.470899999999999833e-02 -1.655300000000000105e-01
-6.451700000000000490e-02 -1.607409999999999950e-01
-1.057639999999999969e-01 -1.591700000000000059e-01
-1.466880000000000128e-01 -1.605749999999999955e-01
-1.116079999999999989e-01 -1.648860000000000048e-01
-7.731000000000000372e-02 -1.722349999999999992e-01
-4.891299999999999815e-02 -1.827729999999999910e-01
-2.603499999999999912e-02 -1.954710000000000059e-01
-7.403999999999999991e-03 -2.102449999999999875e-01
4.682000000000000398e-03 -2.288080000000000114e-01
1.092399999999999968e-02 -2.515180000000000193e-01
1.428199999999999956e-02 -2.759179999999999966e-01
1.495900000000000007e-02 -2.992429999999999812e-01
1.422299999999999953e-02 -3.186019999999999963e-01
1.757699999999999887e-02 -3.258150000000000213e-01
2.568499999999999950e-02 -3.198309999999999764e-01
3.437099999999999878e-02 -3.038899999999999935e-01
4.793900000000000244e-02 -2.803450000000000109e-01
6.049199999999999716e-02 -2.563929999999999820e-01
6.436000000000000054e-02 -2.357180000000000109e-01
6.613399999999999834e-02 -2.158909999999999996e-01
6.304099999999999981e-02 -1.986189999999999900e-01
5.842699999999999977e-02 -1.810589999999999977e-01
5.276399999999999840e-02 -1.630580000000000085e-01
4.433200000000000335e-02 -1.464149999999999896e-01
3.402299999999999769e-02 -1.320350000000000135e-01
2.192900000000000058e-02 -1.209530000000000050e-01
7.307000000000000127e-03 -1.172259999999999969e-01
-9.003999999999999851e-03 -1.217580000000000051e-01
-2.638800000000000173e-02 -1.325439999999999952e-01
-4.460000000000000075e-02 -1.481119999999999937e-01
-6.164800000000000141e-02 -1.663709999999999911e-01
-7.708399999999999974e-02 -1.854989999999999972e-01
-9.123000000000000553e-02 -2.039970000000000117e-01
-1.038049999999999945e-01 -2.207359999999999878e-01
-1.142999999999999988e-01 -2.358010000000000106e-01
-1.230060000000000042e-01 -2.495999999999999885e-01
-1.304720000000000046e-01 -2.629299999999999971e-01
-1.365760000000000030e-01 -2.764460000000000250e-01
-1.411789999999999989e-01 -2.907429999999999737e-01
-1.439690000000000136e-01 -3.061630000000000185e-01
-1.446220000000000006e-01 -3.230970000000000231e-01
-1.431219999999999992e-01 -3.415610000000000035e-01
-1.391300000000000037e-01 -3.615050000000000208e-01
-1.321080000000000032e-01 -3.828039999999999776e-01
-1.215029999999999999e-01 -4.050790000000000224e-01
-1.068550000000000055e-01 -4.281479999999999730e-01
-8.803500000000000214e-02 -4.520310000000000161e-01
-6.497999999999999610e-02 -4.768709999999999893e-01
-3.893699999999999939e-02 -5.027110000000000190e-01
-1.012799999999999985e-02 -5.289709999999999690e-01
1.962099999999999955e-02 -5.546600000000000419e-01
4.938599999999999934e-02 -5.790689999999999449e-01
7.713499999999999523e-02 -6.025160000000000515e-01
1.010650000000000021e-01 -6.264539999999999553e-01
1.188879999999999937e-01 -6.534250000000000336e-01
1.295240000000000002e-01 -6.860159999999999592e-01
1.324349999999999972e-01 -7.230320000000000080e-01
1.281909999999999994e-01 -7.580259999999999776e-01
1.174410000000000037e-01 -7.852820000000000356e-01
1.008570000000000022e-01 -8.044430000000000192e-01
7.889400000000000579e-02 -8.181019999999999959e-01
5.320600000000000329e-02 -8.286109999999999864e-01
2.231199999999999850e-02 -8.370800000000000463e-01
-2.052500000000000158e-02 -8.444359999999999644e-01
-8.934100000000000374e-02 -8.513159999999999616e-01
-2.804329999999999878e-01 -8.027739999999999876e-01
-3.058440000000000047e-01 -7.446490000000000054e-01
-3.275029999999999886e-01 -6.718340000000000423e-01
-3.494180000000000064e-01 -6.106770000000000254e-01
-3.724399999999999933e-01 -5.647370000000000445e-01
-3.946120000000000183e-01 -5.267969999999999597e-01
-3.731450000000000045e-01 -4.920419999999999794e-01
-3.211289999999999978e-01 -4.569909999999999806e-01
-2.687260000000000204e-01 -4.185440000000000271e-01
-2.173110000000000042e-01 -3.749959999999999960e-01
-1.695709999999999995e-01 -3.265649999999999942e-01
-1.286650000000000016e-01 -2.745839999999999947e-01
-9.922400000000000664e-02 -2.211849999999999927e-01
-8.504899999999999960e-02 -1.696239999999999970e-01
-9.048399999999999499e-02 -1.231010000000000021e-01
-1.184390000000000026e-01 -8.505100000000000160e-02
-1.706679999999999864e-01 -5.884000000000000341e-02
-1.221570000000000017e-01 -4.610800000000000315e-02
-4.529600000000000293e-02 -4.678100000000000314e-02
2.518000000000000099e-02 -5.755600000000000299e-02
8.478600000000000025e-02 -7.489400000000000224e-02
1.296549999999999925e-01 -9.461700000000000665e-02
1.559889999999999888e-01 -1.119959999999999983e-01
1.633950000000000125e-01 -1.253829999999999945e-01
1.472289999999999988e-01 -1.329089999999999994e-01
1.058010000000000062e-01 -1.340349999999999875e-01
4.020200000000000162e-02 -1.277220000000000022e-01
-4.165900000000000158e-02 -1.118839999999999973e-01
-1.233230000000000021e-01 -8.444000000000000117e-02
-1.852769999999999972e-01 -4.573200000000000182e-02
-1.434580000000000022e-01 3.919999999999999873e-04
-8.000999999999999779e-02 4.908300000000000163e-02
-4.916399999999999937e-02 9.253400000000000514e-02
-5.016600000000000226e-02 1.200340000000000018e-01
-7.630499999999999783e-02 1.274270000000000125e-01
-4.195600000000000024e-02 1.183710000000000040e-01
1.600999999999999993e-03 9.864900000000000058e-02
3.505300000000000082e-02 7.119899999999999840e-02
5.635600000000000331e-02 3.669200000000000239e-02
6.671299999999999453e-02 -3.569000000000000124e-03
6.569200000000000039e-02 -4.962600000000000344e-02
6.035200000000000287e-02 -9.395699999999999885e-02
5.672300000000000259e-02 -1.330399999999999916e-01
5.425499999999999767e-02 -1.683369999999999866e-01
5.333500000000000046e-02 -1.926730000000000109e-01
5.131999999999999756e-02 -2.089189999999999936e-01
5.377699999999999841e-02 -2.137320000000000053e-01
5.889599999999999697e-02 -2.080329999999999957e-01
5.592799999999999855e-02 -2.018310000000000104e-01
5.023799999999999794e-02 -1.947979999999999989e-01
4.483000000000000179e-02 -1.858710000000000084e-01
3.741300000000000181e-02 -1.790710000000000079e-01
2.815900000000000000e-02 -1.735140000000000016e-01
1.539100000000000017e-02 -1.706580000000000041e-01
-3.989999999999999949e-04 -1.746739999999999959e-01
-1.839100000000000110e-02 -1.871970000000000023e-01
-3.364899999999999836e-02 -1.914770000000000083e-01
-4.764199999999999685e-02 -1.900860000000000050e-01
-6.290700000000000458e-02 -1.951080000000000036e-01
-7.840800000000000547e-02 -2.048689999999999956e-01
-9.318200000000000094e-02 -2.168400000000000050e-01
-1.069480000000000014e-01 -2.296229999999999938e-01
-1.193349999999999966e-01 -2.426510000000000056e-01
-1.294520000000000115e-01 -2.557980000000000254e-01
-1.376970000000000138e-01 -2.691330000000000111e-01
-1.444930000000000103e-01 -2.829639999999999933e-01
-1.497469999999999912e-01 -2.976360000000000117e-01
-1.531240000000000101e-01 -3.135060000000000069e-01
-1.540040000000000020e-01 -3.308320000000000149e-01
-1.520930000000000060e-01 -3.494869999999999921e-01
-1.470400000000000040e-01 -3.692389999999999839e-01
-1.380659999999999943e-01 -3.899799999999999933e-01
-1.246749999999999942e-01 -4.114410000000000012e-01
-1.065549999999999969e-01 -4.335370000000000057e-01
-8.343200000000000616e-02 -4.565190000000000081e-01
-5.628400000000000070e-02 -4.807119999999999727e-01
-2.566399999999999931e-02 -5.060729999999999951e-01
6.743999999999999995e-03 -5.318159999999999554e-01
4.009700000000000070e-02 -5.566849999999999854e-01
7.224400000000000266e-02 -5.800689999999999458e-01
1.015289999999999943e-01 -6.025289999999999813e-01
1.262939999999999896e-01 -6.261590000000000211e-01
1.444999999999999896e-01 -6.538009999999999655e-01
1.545700000000000129e-01 -6.878999999999999559e-01
1.564830000000000110e-01 -7.264260000000000161e-01
1.515849999999999975e-01 -7.618160000000000487e-01
1.410530000000000117e-01 -7.885579999999999812e-01
1.247739999999999960e-01 -8.070340000000000291e-01
1.035110000000000058e-01 -8.201969999999999539e-01
7.857699999999999407e-02 -8.303150000000000253e-01
4.732700000000000101e-02 -8.384800000000000031e-01
2.513000000000000043e-03 -8.456120000000000303e-01
-6.723400000000000210e-02 -8.523169999999999913e-01
-2.947469999999999812e-01 -7.189900000000000180e-01
-2.924280000000000213e-01 -7.271819999999999951e-01
-2.916710000000000136e-01 -7.475190000000000445e-01
-2.902330000000000187e-01 -7.673010000000000108e-01
-2.875170000000000226e-01 -7.837690000000000490e-01
-2.838300000000000267e-01 -7.954170000000000407e-01
-2.787720000000000198e-01 -7.981740000000000501e-01
-2.715150000000000063e-01 -7.865100000000000424e-01
-2.628489999999999993e-01 -7.626429999999999598e-01
-2.540560000000000040e-01 -7.322130000000000027e-01
-2.456990000000000007e-01 -6.978579999999999783e-01
-2.380819999999999881e-01 -6.604419999999999735e-01
-2.311040000000000039e-01 -6.202360000000000095e-01
-2.245520000000000016e-01 -5.771150000000000446e-01
-2.181019999999999903e-01 -5.311780000000000390e-01
-2.113770000000000093e-01 -4.823029999999999817e-01
-2.039179999999999882e-01 -4.305530000000000190e-01
-1.952319999999999889e-01 -3.760930000000000106e-01
-1.852910000000000112e-01 -3.198929999999999829e-01
-1.737380000000000035e-01 -2.629329999999999723e-01
-1.613130000000000119e-01 -2.093569999999999875e-01
-1.448409999999999975e-01 -1.323239999999999972e-01
-1.351040000000000019e-01 -9.678799999999999903e-02
-1.199240000000000028e-01 -5.025000000000000300e-02
-1.036230000000000068e-01 -8.205000000000000487e-03
-8.652500000000000469e-02 2.787999999999999853e-02
-6.907399999999999651e-02 5.642300000000000093e-02
-4.967900000000000094e-02 7.684299999999999464e-02
-2.863699999999999926e-02 8.855499999999999483e-02
-6.287000000000000054e-03 9.092799999999999494e-02
1.645900000000000141e-02 8.341800000000000603e-02
3.691200000000000037e-02 6.583500000000000463e-02
5.681699999999999945e-02 4.018800000000000150e-02
7.298300000000000620e-02 8.985999999999999197e-03
8.154400000000000537e-02 -2.493499999999999883e-02
8.652799999999999381e-02 -5.741000000000000270e-02
8.744699999999999696e-02 -8.356900000000000439e-02
7.501900000000000235e-02 -1.060180000000000011e-01
5.150699999999999723e-02 -1.107299999999999951e-01
4.192999999999999679e-03 -9.323099999999999443e-02
-4.936999999999999722e-02 -4.474000000000000199e-02
-6.981700000000000406e-02 2.556599999999999845e-02
-4.365200000000000330e-02 8.175200000000000522e-02
1.076599999999999953e-02 1.056070000000000064e-01
5.967299999999999688e-02 1.032420000000000004e-01
8.910300000000000165e-02 8.349499999999999977e-02
9.393600000000000561e-02 4.944599999999999690e-02
9.518100000000000172e-02 1.504100000000000055e-02
9.038100000000000300e-02 -1.462899999999999964e-02
8.679599999999999815e-02 -3.149500000000000216e-02
8.361499999999999488e-02 -4.657300000000000328e-02
8.439699999999999980e-02 -5.276900000000000340e-02
8.275799999999999823e-02 -5.556400000000000228e-02
7.535000000000000031e-02 -5.801900000000000113e-02
6.866999999999999493e-02 -5.820800000000000279e-02
6.111199999999999966e-02 -5.818299999999999861e-02
4.956699999999999995e-02 -5.906800000000000245e-02
3.672700000000000270e-02 -6.175499999999999740e-02
2.102000000000000049e-02 -6.901300000000000490e-02
3.712000000000000022e-03 -8.324099999999999555e-02
-1.408799999999999983e-02 -1.045979999999999965e-01
-3.398600000000000232e-02 -1.324450000000000072e-01
-5.474299999999999999e-02 -1.628960000000000130e-01
-7.516699999999999771e-02 -1.910330000000000084e-01
-9.374000000000000388e-02 -2.141609999999999903e-01
-1.102390000000000037e-01 -2.333659999999999901e-01
-1.248269999999999935e-01 -2.505240000000000244e-01
-1.369080000000000019e-01 -2.667109999999999759e-01
-1.465339999999999976e-01 -2.824280000000000124e-01
-1.534949999999999926e-01 -2.982739999999999836e-01
-1.579990000000000006e-01 -3.145540000000000003e-01
-1.598839999999999983e-01 -3.316029999999999811e-01
-1.584899999999999920e-01 -3.493280000000000274e-01
-1.530360000000000054e-01 -3.676710000000000256e-01
-1.428069999999999895e-01 -3.863659999999999872e-01
-1.269560000000000133e-01 -4.053220000000000156e-01
-1.059579999999999966e-01 -4.244800000000000240e-01
-7.954300000000000259e-02 -4.444960000000000022e-01
-4.889399999999999996e-02 -4.659960000000000213e-01
-1.511200000000000043e-02 -4.892369999999999775e-01
2.050400000000000139e-02 -5.134969999999999812e-01
5.653899999999999898e-02 -5.370489999999999986e-01
9.149400000000000588e-02 -5.591509999999999536e-01
1.233080000000000009e-01 -5.800340000000000495e-01
1.502769999999999939e-01 -6.014389999999999459e-01
1.707909999999999984e-01 -6.263379999999999503e-01
1.833539999999999892e-01 -6.584640000000000493e-01
1.870010000000000006e-01 -6.993279999999999497e-01
1.823329999999999951e-01 -7.424669999999999881e-01
1.714600000000000013e-01 -7.776290000000000147e-01
1.551889999999999936e-01 -8.017030000000000545e-01
1.342019999999999880e-01 -8.177569999999999562e-01
1.091840000000000033e-01 -8.293760000000000021e-01
7.645499999999999519e-02 -8.383410000000000029e-01
2.820500000000000090e-02 -8.458620000000000028e-01
-5.153100000000000042e-02 -8.528499999999999970e-01
-4.316619999999999902e-01 -7.902010000000000423e-01
-4.031910000000000216e-01 -6.898490000000000455e-01
-3.948999999999999733e-01 -6.822960000000000136e-01
-3.920939999999999981e-01 -6.963759999999999950e-01
-3.892510000000000137e-01 -7.075909999999999700e-01
-3.852990000000000026e-01 -7.123099999999999987e-01
-3.806089999999999751e-01 -7.114660000000000428e-01
-3.750950000000000117e-01 -7.050400000000000000e-01
-3.682810000000000250e-01 -6.920739999999999670e-01
-3.598959999999999937e-01 -6.718450000000000255e-01
-3.495210000000000261e-01 -6.437540000000000484e-01
-3.367970000000000130e-01 -6.080950000000000522e-01
-3.217820000000000125e-01 -5.665120000000000156e-01
-3.046329999999999871e-01 -5.210160000000000347e-01
-2.855539999999999745e-01 -4.733350000000000057e-01
-2.646910000000000096e-01 -4.247159999999999824e-01
-2.421449999999999991e-01 -3.760680000000000134e-01
-2.182080000000000131e-01 -3.282849999999999935e-01
-1.932159999999999989e-01 -2.821969999999999756e-01
-1.675490000000000035e-01 -2.384469999999999923e-01
-1.416280000000000039e-01 -1.976070000000000049e-01
-1.160059999999999980e-01 -1.601569999999999938e-01
-9.094199999999999506e-02 -1.264010000000000133e-01
-6.630199999999999982e-02 -9.601700000000000512e-02
-4.240100000000000119e-02 -6.884400000000000241e-02
-1.998300000000000076e-02 -4.470799999999999774e-02
7.510000000000000399e-04 -2.318100000000000022e-02
2.037299999999999875e-02 -4.297999999999999737e-03
3.898200000000000276e-02 1.209200000000000032e-02
5.435799999999999660e-02 2.606800000000000089e-02
6.545900000000000329e-02 3.694399999999999767e-02
6.985600000000000143e-02 4.449499999999999983e-02
7.133899999999999963e-02 5.143199999999999855e-02
7.245799999999999463e-02 5.699800000000000005e-02
7.577200000000000601e-02 6.011400000000000077e-02
7.881799999999999917e-02 6.028399999999999731e-02
7.997799999999999354e-02 5.705899999999999861e-02
7.998700000000000254e-02 4.745200000000000112e-02
7.539899999999999380e-02 3.658200000000000340e-02
6.917800000000000338e-02 2.224699999999999941e-02
6.061500000000000221e-02 3.994000000000000154e-03
5.556799999999999934e-02 -1.685700000000000046e-02
5.339499999999999802e-02 -3.625899999999999956e-02
5.846099999999999908e-02 -4.985300000000000148e-02
5.826800000000000035e-02 -6.038799999999999724e-02
5.675299999999999789e-02 -4.916100000000000331e-02
5.605299999999999866e-02 -1.776900000000000007e-02
6.091699999999999893e-02 2.536400000000000113e-02
7.980600000000000194e-02 4.670900000000000052e-02
9.441800000000000193e-02 5.986699999999999661e-02
1.058650000000000008e-01 5.385199999999999709e-02
1.198710000000000053e-01 5.723899999999999821e-02
1.222870000000000068e-01 4.806099999999999955e-02
1.169300000000000062e-01 3.742299999999999793e-02
1.104959999999999970e-01 2.822699999999999862e-02
1.070829999999999976e-01 2.346000000000000169e-02
1.029520000000000018e-01 2.028200000000000142e-02
9.793699999999999628e-02 2.076499999999999874e-02
8.965900000000000258e-02 2.226799999999999960e-02
8.059499999999999997e-02 2.181599999999999859e-02
6.993000000000000604e-02 1.949599999999999944e-02
5.754599999999999993e-02 1.264200000000000046e-02
4.198299999999999949e-02 5.240000000000000517e-04
2.349400000000000099e-02 -1.931700000000000084e-02
3.478999999999999888e-03 -4.640299999999999980e-02
-1.724499999999999991e-02 -7.990700000000000580e-02
-3.993800000000000128e-02 -1.189230000000000009e-01
-6.331599999999999728e-02 -1.590759999999999952e-01
-8.556500000000000217e-02 -1.953809999999999991e-01
-1.049709999999999949e-01 -2.259700000000000042e-01
-1.211119999999999974e-01 -2.511700000000000044e-01
-1.339839999999999920e-01 -2.733119999999999994e-01
-1.429030000000000022e-01 -2.938959999999999906e-01
-1.471609999999999863e-01 -3.137860000000000094e-01
-1.463160000000000016e-01 -3.329610000000000070e-01
-1.399070000000000036e-01 -3.512719999999999732e-01
-1.275429999999999897e-01 -3.685019999999999962e-01
-1.085730000000000028e-01 -3.845740000000000269e-01
-8.316800000000000581e-02 -4.001339999999999897e-01
-5.236600000000000282e-02 -4.158259999999999734e-01
-1.744899999999999923e-02 -4.326650000000000218e-01
2.085199999999999901e-02 -4.513369999999999882e-01
5.984500000000000236e-02 -4.713339999999999752e-01
9.880999999999999506e-02 -4.914229999999999987e-01
1.356799999999999951e-01 -5.107479999999999798e-01
1.690359999999999918e-01 -5.291829999999999590e-01
1.975810000000000066e-01 -5.474090000000000344e-01
2.202469999999999983e-01 -5.668739999999999890e-01
2.361399999999999888e-01 -5.898339999999999694e-01
2.433960000000000012e-01 -6.200229999999999908e-01
2.413079999999999947e-01 -6.626429999999999820e-01
2.300240000000000062e-01 -7.165510000000000490e-01
2.115519999999999901e-01 -7.661850000000000049e-01
1.885779999999999956e-01 -7.997889999999999722e-01
1.612379999999999924e-01 -8.201530000000000209e-01
1.248940000000000050e-01 -8.336189999999999989e-01
7.005599999999999328e-02 -8.436310000000000198e-01
-2.093499999999999875e-02 -8.522530000000000383e-01
-3.723110000000000031e-01 -6.666180000000000438e-01
-3.719379999999999908e-01 -6.729190000000000449e-01
-3.708640000000000270e-01 -6.828079999999999705e-01
-3.661619999999999875e-01 -6.814029999999999809e-01
-3.578990000000000227e-01 -6.731890000000000374e-01
-3.457230000000000025e-01 -6.593050000000000299e-01
-3.310719999999999774e-01 -6.409030000000000005e-01
-3.151800000000000157e-01 -6.187209999999999654e-01
-2.980960000000000276e-01 -5.926360000000000516e-01
-2.801319999999999921e-01 -5.628600000000000270e-01
-2.620149999999999979e-01 -5.301299999999999901e-01
-2.439900000000000124e-01 -4.946139999999999981e-01
-2.264710000000000056e-01 -4.567189999999999861e-01
-2.099370000000000125e-01 -4.170189999999999730e-01
-1.948320000000000052e-01 -3.761390000000000011e-01
-1.816399999999999959e-01 -3.347559999999999980e-01
-1.706789999999999974e-01 -2.936000000000000276e-01
-1.623159999999999881e-01 -2.534489999999999799e-01
-1.566269999999999885e-01 -2.149760000000000004e-01
-1.537640000000000118e-01 -1.790349999999999997e-01
-1.537199999999999955e-01 -1.461449999999999971e-01
-1.565159999999999885e-01 -1.168339999999999934e-01
-1.625230000000000008e-01 -9.142999999999999738e-02
-1.490440000000000098e-01 -6.990899999999999892e-02
-1.238449999999999968e-01 -5.189599999999999769e-02
-1.002529999999999949e-01 -3.713799999999999740e-02
-7.892699999999999716e-02 -2.565999999999999878e-02
-5.966799999999999882e-02 -1.702700000000000047e-02
-4.155899999999999872e-02 -1.066899999999999966e-02
-2.520199999999999871e-02 -6.139000000000000359e-03
-1.090099999999999923e-02 -3.569999999999999823e-03
1.266999999999999897e-03 -2.331999999999999872e-03
1.140399999999999921e-02 -1.755000000000000050e-03
1.890899999999999873e-02 -1.454999999999999913e-03
2.554899999999999879e-02 -2.709999999999999735e-04
3.058500000000000107e-02 2.120000000000000031e-04
3.458200000000000163e-02 -1.446000000000000020e-03
3.813500000000000223e-02 -3.276999999999999965e-03
4.384899999999999909e-02 -4.048999999999999648e-03
4.928699999999999748e-02 -6.334000000000000220e-03
5.137200000000000100e-02 -1.122599999999999987e-02
5.903100000000000014e-02 -1.746599999999999889e-02
7.024199999999999888e-02 -2.129599999999999896e-02
7.260199999999999987e-02 -2.816799999999999859e-02
7.566799999999999915e-02 -3.385500000000000315e-02
8.249700000000000089e-02 -3.475700000000000317e-02
8.683200000000000640e-02 -2.986899999999999972e-02
8.505899999999999572e-02 -1.868799999999999975e-02
9.245399999999999452e-02 -4.052000000000000046e-03
1.017480000000000051e-01 1.053300000000000070e-02
1.123379999999999934e-01 2.252699999999999841e-02
1.201770000000000060e-01 2.309399999999999994e-02
1.224760000000000015e-01 2.027599999999999889e-02
1.225040000000000018e-01 1.914300000000000029e-02
1.196829999999999977e-01 1.983899999999999900e-02
1.160769999999999996e-01 1.807500000000000079e-02
1.108610000000000012e-01 1.409799999999999942e-02
1.030110000000000053e-01 8.729999999999999913e-03
9.439100000000000268e-02 5.099000000000000234e-03
8.526100000000000345e-02 7.849999999999999990e-04
7.272499999999999798e-02 -7.014000000000000269e-03
5.723500000000000115e-02 -1.975899999999999879e-02
3.951099999999999751e-02 -3.863599999999999673e-02
1.905700000000000102e-02 -6.477299999999999724e-02
-2.145000000000000205e-03 -9.707999999999999963e-02
-2.373300000000000062e-02 -1.340129999999999932e-01
-4.704699999999999854e-02 -1.730599999999999916e-01
-6.899800000000000377e-02 -2.088460000000000039e-01
-8.775299999999999767e-02 -2.378230000000000066e-01
-1.025869999999999976e-01 -2.609480000000000133e-01
-1.134259999999999990e-01 -2.806509999999999838e-01
-1.168840000000000018e-01 -2.856969999999999787e-01
-1.228130000000000055e-01 -3.126439999999999775e-01
-1.213159999999999933e-01 -3.209529999999999883e-01
-1.142829999999999957e-01 -3.359909999999999841e-01
-1.003509999999999958e-01 -3.494200000000000084e-01
-7.931699999999999862e-02 -3.615329999999999933e-01
-5.165999999999999759e-02 -3.726479999999999793e-01
-1.864999999999999991e-02 -3.834009999999999918e-01
1.810499999999999957e-02 -3.949400000000000133e-01
5.674300000000000177e-02 -4.081509999999999860e-01
9.510200000000000597e-02 -4.232650000000000023e-01
1.319269999999999887e-01 -4.397420000000000218e-01
1.658810000000000007e-01 -4.571749999999999980e-01
1.962830000000000130e-01 -4.749749999999999805e-01
2.226370000000000016e-01 -4.926189999999999736e-01
2.445539999999999936e-01 -5.102299999999999613e-01
2.615089999999999915e-01 -5.280799999999999939e-01
2.730159999999999809e-01 -5.470169999999999755e-01
2.784760000000000013e-01 -5.685590000000000366e-01
2.768880000000000230e-01 -5.953650000000000331e-01
2.662959999999999772e-01 -6.322410000000000529e-01
2.452020000000000033e-01 -6.850829999999999975e-01
2.148420000000000052e-01 -7.460090000000000332e-01
1.800650000000000028e-01 -7.925290000000000390e-01
1.396840000000000026e-01 -8.197459999999999747e-01
8.416999999999999482e-02 -8.362399999999999833e-01
-4.945999999999999876e-03 -8.482650000000000468e-01
-3.735859999999999737e-01 -8.147140000000000493e-01
-3.575579999999999870e-01 -6.896029999999999660e-01
-3.513370000000000104e-01 -6.376479999999999926e-01
-3.498870000000000036e-01 -6.269949999999999690e-01
-3.470550000000000024e-01 -6.251849999999999907e-01
-3.404409999999999936e-01 -6.206760000000000055e-01
-3.308499999999999774e-01 -6.117780000000000440e-01
-3.191990000000000105e-01 -5.988740000000000174e-01
-3.056280000000000108e-01 -5.818600000000000438e-01
-2.905059999999999865e-01 -5.609469999999999734e-01
-2.745440000000000103e-01 -5.368030000000000301e-01
-2.579659999999999731e-01 -5.095460000000000544e-01
-2.412060000000000037e-01 -4.794809999999999905e-01
-2.247339999999999893e-01 -4.470399999999999929e-01
-2.089749999999999941e-01 -4.127100000000000213e-01
-1.943539999999999990e-01 -3.770609999999999795e-01
-1.812509999999999954e-01 -3.406839999999999868e-01
-1.701739999999999919e-01 -3.042920000000000069e-01
-1.614639999999999964e-01 -2.685580000000000189e-01
-1.555799999999999961e-01 -2.343230000000000035e-01
-1.528100000000000014e-01 -2.021860000000000046e-01
-1.532749999999999946e-01 -1.726590000000000069e-01
-1.572330000000000116e-01 -1.461139999999999939e-01
-1.645330000000000126e-01 -1.227130000000000026e-01
-1.565380000000000105e-01 -1.023919999999999969e-01
-1.306700000000000084e-01 -8.514499999999999846e-02
-1.067940000000000000e-01 -7.101899999999999880e-02
-8.530400000000000482e-02 -5.978499999999999787e-02
-6.584500000000000075e-02 -5.123099999999999876e-02
-4.801300000000000012e-02 -4.486899999999999916e-02
-3.207800000000000235e-02 -4.070300000000000307e-02
-1.989199999999999996e-02 -3.905499999999999944e-02
-1.146100000000000070e-02 -3.943599999999999883e-02
-5.549000000000000113e-03 -4.159000000000000197e-02
-4.699999999999999724e-05 -4.427999999999999992e-02
6.126999999999999634e-03 -4.667799999999999727e-02
1.252799999999999921e-02 -4.888699999999999990e-02
1.956400000000000153e-02 -5.099900000000000266e-02
2.635399999999999895e-02 -5.247000000000000275e-02
3.562599999999999795e-02 -5.416699999999999987e-02
4.935400000000000204e-02 -5.497099999999999903e-02
6.204099999999999893e-02 -5.532299999999999718e-02
7.695000000000000451e-02 -5.331899999999999834e-02
9.090399999999999869e-02 -5.239900000000000113e-02
1.038410000000000027e-01 -4.936100000000000210e-02
1.118539999999999951e-01 -4.319900000000000129e-02
1.134359999999999952e-01 -3.372800000000000104e-02
1.232860000000000067e-01 -1.616700000000000081e-02
1.271019999999999928e-01 -3.017000000000000150e-03
1.296289999999999942e-01 1.133299999999999932e-02
1.309160000000000046e-01 1.245199999999999953e-02
1.361769999999999925e-01 8.810000000000000123e-03
1.362500000000000100e-01 5.245999999999999795e-03
1.347839999999999872e-01 5.760000000000000146e-04
1.312570000000000126e-01 -2.749999999999999840e-03
1.261069999999999969e-01 -7.728999999999999759e-03
1.212130000000000013e-01 -1.503099999999999922e-02
1.110690000000000011e-01 -2.420999999999999888e-02
9.834199999999999886e-02 -3.634199999999999930e-02
8.518399999999999583e-02 -4.953899999999999970e-02
6.852999999999999370e-02 -6.550999999999999879e-02
5.182799999999999907e-02 -8.732299999999999784e-02
4.486600000000000310e-02 -8.397699999999999609e-02
2.981100000000000069e-02 -1.110629999999999951e-01
8.937999999999999765e-03 -1.437910000000000021e-01
-1.291100000000000060e-02 -1.807100000000000095e-01
-3.488000000000000128e-02 -2.197139999999999926e-01
-5.549099999999999866e-02 -2.545470000000000232e-01
-7.198300000000000531e-02 -2.806640000000000246e-01
-8.319000000000000006e-02 -2.992600000000000260e-01
-8.928300000000000125e-02 -3.134449999999999736e-01
-8.976000000000000645e-02 -3.248389999999999889e-01
-8.372499999999999387e-02 -3.335719999999999796e-01
-7.072399999999999520e-02 -3.403070000000000261e-01
-5.104999999999999816e-02 -3.458629999999999760e-01
-2.589199999999999835e-02 -3.506000000000000227e-01
3.242999999999999789e-03 -3.554019999999999957e-01
3.474300000000000305e-02 -3.612989999999999813e-01
6.693899999999999850e-02 -3.692829999999999724e-01
9.851400000000000434e-02 -3.800009999999999777e-01
1.284540000000000126e-01 -3.933869999999999867e-01
1.561929999999999985e-01 -4.090599999999999792e-01
1.812320000000000042e-01 -4.264040000000000052e-01
2.033449999999999980e-01 -4.447209999999999774e-01
2.223179999999999878e-01 -4.633950000000000014e-01
2.381800000000000028e-01 -4.821799999999999975e-01
2.503659999999999775e-01 -5.008259999999999934e-01
2.589659999999999740e-01 -5.197140000000000093e-01
2.632369999999999988e-01 -5.393449999999999633e-01
2.625709999999999988e-01 -5.608480000000000132e-01
2.564649999999999985e-01 -5.862870000000000026e-01
2.424429999999999918e-01 -6.189259999999999762e-01
2.186589999999999923e-01 -6.650260000000000060e-01
1.845819999999999961e-01 -7.249980000000000313e-01
1.444090000000000096e-01 -7.789169999999999705e-01
9.809600000000000264e-02 -8.127569999999999517e-01
3.575699999999999712e-02 -8.326519999999999477e-01
-6.101100000000000273e-02 -8.467449999999999699e-01
-3.735919999999999797e-01 -8.424509999999999499e-01
-3.824279999999999902e-01 -7.681010000000000337e-01
-3.783079999999999776e-01 -6.712230000000000141e-01
-3.784899999999999931e-01 -6.265279999999999738e-01
-3.795859999999999790e-01 -6.092140000000000333e-01
-3.788380000000000081e-01 -6.017379999999999951e-01
-3.752670000000000172e-01 -5.947320000000000384e-01
-3.685999999999999832e-01 -5.850079999999999725e-01
-3.590860000000000163e-01 -5.715759999999999730e-01
-3.472250000000000059e-01 -5.544350000000000112e-01
-3.337300000000000266e-01 -5.341409999999999769e-01
-3.189679999999999738e-01 -5.107979999999999743e-01
-3.033680000000000265e-01 -4.846269999999999745e-01
-2.873550000000000271e-01 -4.559300000000000019e-01
-2.713260000000000116e-01 -4.250499999999999834e-01
-2.556329999999999991e-01 -3.924000000000000266e-01
-2.405839999999999923e-01 -3.583990000000000231e-01
-2.265560000000000074e-01 -3.235859999999999848e-01
-2.139240000000000030e-01 -2.885519999999999752e-01
-2.032229999999999870e-01 -2.541129999999999778e-01
-1.948159999999999892e-01 -2.210910000000000097e-01
-1.888950000000000073e-01 -1.901819999999999899e-01
-1.856669999999999987e-01 -1.621120000000000061e-01
-1.667490000000000083e-01 -1.371410000000000129e-01
-1.447509999999999908e-01 -1.155049999999999966e-01
-1.242990000000000067e-01 -9.726700000000000623e-02
-1.049309999999999965e-01 -8.222999999999999754e-02
-8.644100000000000394e-02 -7.023799999999999488e-02
-6.916999999999999538e-02 -6.153299999999999742e-02
-5.394299999999999790e-02 -5.602800000000000141e-02
-4.128699999999999731e-02 -5.348200000000000176e-02
-3.153700000000000253e-02 -5.357900000000000162e-02
-2.283500000000000113e-02 -5.490600000000000341e-02
-1.245100000000000026e-02 -5.594899999999999873e-02
-1.270000000000000078e-03 -5.666800000000000309e-02
8.189000000000000098e-03 -5.773099999999999760e-02
1.507299999999999959e-02 -5.947999999999999815e-02
2.238599999999999965e-02 -6.111500000000000266e-02
3.127800000000000025e-02 -6.165099999999999747e-02
4.004800000000000026e-02 -6.272899999999999310e-02
4.794199999999999851e-02 -6.413099999999999357e-02
6.003000000000000003e-02 -6.307200000000000306e-02
7.210199999999999942e-02 -6.010299999999999671e-02
8.636599999999999833e-02 -5.652299999999999686e-02
9.704599999999999338e-02 -4.985599999999999754e-02
1.069419999999999954e-01 -4.520899999999999919e-02
1.218449999999999950e-01 -3.914200000000000318e-02
1.312099999999999933e-01 -3.034799999999999998e-02
1.357639999999999958e-01 -1.825699999999999892e-02
1.340679999999999927e-01 -8.831999999999999573e-03
1.424519999999999953e-01 1.639999999999999965e-03
1.447289999999999965e-01 3.441000000000000048e-03
1.451010000000000078e-01 2.553999999999999847e-03
1.410329999999999917e-01 -5.599999999999999509e-04
1.380429999999999990e-01 -5.692000000000000011e-03
1.314659999999999995e-01 -1.303299999999999945e-02
1.246519999999999989e-01 -2.456699999999999856e-02
1.157519999999999938e-01 -3.955800000000000288e-02
1.025500000000000023e-01 -5.800700000000000300e-02
8.533000000000000307e-02 -8.235000000000000653e-02
6.715000000000000135e-02 -1.087879999999999958e-01
4.949599999999999833e-02 -1.376000000000000001e-01
4.094400000000000123e-02 -1.424999999999999878e-01
2.420500000000000082e-02 -1.771330000000000127e-01
1.209000000000000005e-03 -2.179999999999999993e-01
-2.118199999999999944e-02 -2.623960000000000181e-01
-4.083900000000000030e-02 -3.012110000000000065e-01
-5.490199999999999941e-02 -3.202949999999999964e-01
-6.311899999999999455e-02 -3.272789999999999866e-01
-6.685399999999999676e-02 -3.315500000000000114e-01
-6.492299999999999460e-02 -3.352249999999999952e-01
-5.769900000000000029e-02 -3.372450000000000170e-01
-4.554199999999999915e-02 -3.370989999999999820e-01
-2.921599999999999892e-02 -3.355830000000000202e-01
-9.728000000000000536e-03 -3.341480000000000006e-01
1.253199999999999974e-02 -3.341310000000000113e-01
3.645899999999999835e-02 -3.365060000000000273e-01
6.070400000000000101e-02 -3.419130000000000225e-01
8.413099999999999745e-02 -3.507469999999999755e-01
1.058619999999999978e-01 -3.630019999999999913e-01
1.253620000000000012e-01 -3.782229999999999759e-01
1.426320000000000088e-01 -3.956609999999999849e-01
1.579750000000000043e-01 -4.146119999999999806e-01
1.715510000000000090e-01 -4.345069999999999766e-01
1.834220000000000017e-01 -4.548760000000000026e-01
1.936319999999999986e-01 -4.755090000000000150e-01
2.018840000000000079e-01 -4.962520000000000264e-01
2.080490000000000117e-01 -5.174689999999999568e-01
2.112269999999999981e-01 -5.395389999999999908e-01
2.105480000000000129e-01 -5.634759999999999769e-01
2.050659999999999983e-01 -5.912969999999999615e-01
1.923320000000000030e-01 -6.265119999999999578e-01
1.698399999999999910e-01 -6.748690000000000522e-01
1.369180000000000119e-01 -7.335409999999999986e-01
9.784600000000000242e-02 -7.828680000000000083e-01
5.179199999999999776e-02 -8.135829999999999451e-01
-1.083899999999999968e-02 -8.325099999999999723e-01
-1.068820000000000048e-01 -8.466110000000000024e-01
-3.821700000000000097e-01 -8.497219999999999773e-01
-4.067709999999999937e-01 -8.097419999999999618e-01
-4.109999999999999765e-01 -7.243490000000000206e-01
-4.104300000000000170e-01 -6.507690000000000419e-01
-4.121859999999999968e-01 -6.131649999999999601e-01
-4.141070000000000029e-01 -5.941760000000000375e-01
-4.145780000000000021e-01 -5.840509999999999868e-01
-4.120469999999999966e-01 -5.754749999999999588e-01
-4.063089999999999757e-01 -5.649049999999999905e-01
-3.977589999999999737e-01 -5.514759999999999662e-01
-3.870739999999999736e-01 -5.354360000000000230e-01
-3.745490000000000208e-01 -5.167500000000000426e-01
-3.605900000000000216e-01 -4.955890000000000017e-01
-3.456179999999999808e-01 -4.722080000000000166e-01
-3.300379999999999980e-01 -4.468920000000000115e-01
-3.141450000000000076e-01 -4.199160000000000115e-01
-2.983669999999999933e-01 -3.916439999999999921e-01
-2.830300000000000038e-01 -3.623970000000000247e-01
-2.684690000000000132e-01 -3.324880000000000058e-01
-2.552070000000000172e-01 -3.022909999999999764e-01
-2.436439999999999995e-01 -2.721279999999999810e-01
-2.265909999999999869e-01 -2.424119999999999886e-01
-2.036799999999999999e-01 -2.136649999999999938e-01
-1.802499999999999936e-01 -1.864079999999999904e-01
-1.567500000000000004e-01 -1.611100000000000032e-01
-1.336970000000000103e-01 -1.380969999999999975e-01
-1.113269999999999954e-01 -1.175530000000000047e-01
-8.991499999999999493e-02 -9.996299999999999630e-02
-7.014499999999999902e-02 -8.565899999999999903e-02
-5.309799999999999937e-02 -7.478200000000000125e-02
-3.949300000000000033e-02 -6.708600000000000674e-02
-2.826199999999999893e-02 -6.164000000000000035e-02
-1.753000000000000044e-02 -5.777999999999999803e-02
-6.409999999999999899e-03 -5.429699999999999804e-02
4.969000000000000326e-03 -5.134199999999999875e-02
1.645500000000000088e-02 -4.910899999999999987e-02
2.567300000000000137e-02 -4.685099999999999681e-02
3.355199999999999849e-02 -4.431500000000000022e-02
4.208900000000000141e-02 -4.334600000000000258e-02
5.193300000000000000e-02 -4.203699999999999798e-02
6.079299999999999982e-02 -4.001299999999999996e-02
6.883300000000000529e-02 -3.545299999999999840e-02
7.759399999999999631e-02 -3.129099999999999937e-02
9.223299999999999554e-02 -2.672400000000000123e-02
1.040750000000000008e-01 -2.331300000000000039e-02
1.161640000000000034e-01 -1.961900000000000102e-02
1.297210000000000030e-01 -1.334600000000000022e-02
1.379559999999999953e-01 -9.201000000000000845e-03
1.461260000000000059e-01 -6.510000000000000162e-03
1.515180000000000138e-01 4.526999999999999774e-03
1.543940000000000035e-01 1.626800000000000121e-02
1.570090000000000097e-01 2.121699999999999975e-02
1.590679999999999872e-01 2.099600000000000077e-02
1.555370000000000086e-01 1.478299999999999927e-02
1.514169999999999960e-01 5.616000000000000332e-03
1.426389999999999880e-01 -3.507000000000000135e-03
1.311440000000000106e-01 -1.824500000000000080e-02
1.206480000000000052e-01 -3.716799999999999965e-02
1.076219999999999954e-01 -5.876300000000000273e-02
9.062199999999999422e-02 -8.548600000000000643e-02
7.201399999999999468e-02 -1.179150000000000059e-01
5.307100000000000012e-02 -1.560640000000000083e-01
3.103399999999999909e-02 -1.982470000000000065e-01
5.912999999999999853e-03 -2.461990000000000012e-01
-1.920600000000000085e-02 -2.999910000000000077e-01
-4.275799999999999740e-02 -3.551989999999999870e-01
-5.190499999999999975e-02 -3.487589999999999857e-01
-5.657600000000000129e-02 -3.434010000000000118e-01
-5.697599999999999887e-02 -3.387959999999999861e-01
-5.385199999999999709e-02 -3.345650000000000013e-01
-4.769799999999999734e-02 -3.298869999999999858e-01
-4.012299999999999894e-02 -3.174290000000000167e-01
-3.809799999999999992e-02 -3.331850000000000089e-01
-2.816099999999999853e-02 -3.242070000000000229e-01
-1.501700000000000083e-02 -3.214090000000000003e-01
-2.300000000000000002e-05 -3.203599999999999781e-01
1.575199999999999864e-02 -3.221640000000000059e-01
3.153999999999999859e-02 -3.273269999999999791e-01
4.678500000000000020e-02 -3.362470000000000181e-01
6.105599999999999916e-02 -3.488720000000000154e-01
7.427899999999999781e-02 -3.648449999999999749e-01
8.656700000000000506e-02 -3.835210000000000008e-01
9.803499999999999714e-02 -4.042569999999999775e-01
1.088299999999999962e-01 -4.263620000000000188e-01
1.191559999999999980e-01 -4.493170000000000219e-01
1.291930000000000023e-01 -4.726730000000000098e-01
1.388580000000000092e-01 -4.963259999999999894e-01
1.475529999999999897e-01 -5.203619999999999912e-01
1.544949999999999934e-01 -5.451629999999999532e-01
1.583970000000000100e-01 -5.716109999999999802e-01
1.575930000000000109e-01 -6.017090000000000494e-01
1.497419999999999862e-01 -6.395889999999999631e-01
1.320119999999999905e-01 -6.897320000000000118e-01
1.039810000000000040e-01 -7.452130000000000143e-01
6.970999999999999419e-02 -7.884670000000000289e-01
2.786399999999999988e-02 -8.152949999999999919e-01
-3.004799999999999832e-02 -8.326440000000000508e-01
-1.198349999999999971e-01 -8.460879999999999512e-01
-2.683200000000000029e-01 -8.424970000000000514e-01
-2.579750000000000099e-01 -7.689850000000000296e-01
-2.421580000000000121e-01 -6.644560000000000466e-01
-2.371320000000000094e-01 -6.114260000000000250e-01
-2.387569999999999970e-01 -5.855000000000000204e-01
-2.434290000000000065e-01 -5.696700000000000097e-01
-2.484369999999999912e-01 -5.558450000000000335e-01
-2.526269999999999905e-01 -5.406459999999999599e-01
-2.555620000000000114e-01 -5.230259999999999909e-01
-2.570009999999999795e-01 -5.032189999999999719e-01
-2.567679999999999962e-01 -4.814760000000000151e-01
-2.548529999999999962e-01 -4.578840000000000132e-01
-2.514020000000000143e-01 -4.326530000000000098e-01
-2.465650000000000064e-01 -4.059740000000000015e-01
-2.405640000000000001e-01 -3.780519999999999992e-01
-2.336779999999999968e-01 -3.490960000000000174e-01
-2.260689999999999922e-01 -3.193300000000000027e-01
-2.178879999999999983e-01 -2.890269999999999784e-01
-2.093750000000000056e-01 -2.584759999999999835e-01
-2.009390000000000065e-01 -2.278850000000000042e-01
-1.930769999999999986e-01 -1.974339999999999984e-01
-1.862959999999999894e-01 -1.671620000000000050e-01
-1.809800000000000020e-01 -1.371199999999999919e-01
-1.770809999999999884e-01 -1.075699999999999990e-01
-1.749680000000000124e-01 -7.877900000000000180e-02
-1.746910000000000129e-01 -5.079199999999999687e-02
-1.607979999999999965e-01 -2.350500000000000159e-02
-1.345429999999999959e-01 2.360999999999999818e-03
-1.090409999999999990e-01 2.505999999999999894e-02
-8.530200000000000282e-02 4.395799999999999708e-02
-6.391199999999999659e-02 5.922999999999999793e-02
-4.450300000000000089e-02 7.001699999999999591e-02
-2.635300000000000142e-02 7.967000000000000470e-02
-1.035900000000000015e-02 8.574299999999999977e-02
3.877999999999999937e-03 9.046200000000000074e-02
1.515099999999999954e-02 9.346799999999999553e-02
2.815600000000000047e-02 9.441599999999999993e-02
3.796999999999999681e-02 9.451700000000000379e-02
4.875000000000000167e-02 9.205299999999999594e-02
5.690599999999999825e-02 9.000800000000000467e-02
6.269600000000000173e-02 8.413099999999999745e-02
7.186900000000000233e-02 7.907300000000000439e-02
8.291700000000000459e-02 7.266400000000000636e-02
9.238699999999999690e-02 6.803800000000000125e-02
1.075500000000000067e-01 6.511000000000000121e-02
1.142510000000000053e-01 6.168200000000000072e-02
1.190579999999999972e-01 5.350200000000000095e-02
1.320079999999999865e-01 4.238499999999999907e-02
1.372780000000000111e-01 3.114199999999999954e-02
1.456409999999999927e-01 5.199700000000000155e-02
1.514109999999999900e-01 4.431299999999999822e-02
1.575699999999999878e-01 4.841899999999999676e-02
1.606029999999999958e-01 5.235499999999999876e-02
1.543549999999999922e-01 5.131700000000000150e-02
1.490599999999999981e-01 4.526100000000000262e-02
1.437239999999999907e-01 3.488399999999999834e-02
1.330290000000000084e-01 2.188400000000000067e-02
1.203250000000000014e-01 5.942000000000000233e-03
1.081109999999999988e-01 -1.360300000000000051e-02
9.403499999999999359e-02 -4.022900000000000087e-02
7.593500000000000250e-02 -6.857099999999999307e-02
5.610799999999999815e-02 -9.896199999999999442e-02
3.562099999999999989e-02 -1.332150000000000001e-01
1.476399999999999935e-02 -1.714160000000000128e-01
-5.590000000000000351e-03 -2.114240000000000008e-01
-2.385999999999999927e-02 -2.482630000000000114e-01
-3.854099999999999887e-02 -2.761299999999999866e-01
-4.939400000000000041e-02 -2.933189999999999964e-01
-5.662799999999999778e-02 -3.021530000000000049e-01
-6.006199999999999734e-02 -3.057119999999999838e-01
-6.039200000000000124e-02 -3.063980000000000037e-01
-5.835300000000000209e-02 -3.054459999999999953e-01
-5.405499999999999888e-02 -3.038429999999999742e-01
-4.756699999999999817e-02 -3.027750000000000163e-01
-3.939000000000000140e-02 -3.034020000000000050e-01
-3.057700000000000001e-02 -3.067130000000000134e-01
-2.178000000000000075e-02 -3.134250000000000091e-01
-1.329499999999999953e-02 -3.237729999999999775e-01
-5.015999999999999626e-03 -3.379309999999999814e-01
3.144000000000000093e-03 -3.554979999999999807e-01
1.160399999999999973e-02 -3.759859999999999869e-01
2.059100000000000166e-02 -3.986149999999999971e-01
3.046600000000000003e-02 -4.227319999999999967e-01
4.144199999999999967e-02 -4.478030000000000066e-01
5.351199999999999707e-02 -4.733089999999999797e-01
6.681600000000000039e-02 -4.989790000000000059e-01
8.054000000000000048e-02 -5.247020000000000017e-01
9.403200000000000447e-02 -5.505640000000000533e-01
1.059070000000000011e-01 -5.773810000000000331e-01
1.138160000000000005e-01 -6.061530000000000529e-01
1.157220000000000054e-01 -6.402120000000000033e-01
1.093660000000000049e-01 -6.833919999999999995e-01
9.329900000000000693e-02 -7.326559999999999739e-01
6.989399999999999780e-02 -7.752890000000000059e-01
3.979699999999999904e-02 -8.041930000000000467e-01
-1.789000000000000009e-03 -8.227750000000000341e-01
-6.532999999999999918e-02 -8.363059999999999938e-01
-1.696000000000000008e-01 -8.478409999999999558e-01
-1.270620000000000083e-01 -7.476399999999999713e-01
-1.048779999999999990e-01 -6.722139999999999782e-01
-8.790100000000000691e-02 -6.303320000000000034e-01
-7.332700000000000329e-02 -6.100609999999999644e-01
-5.831000000000000072e-02 -6.017550000000000399e-01
-4.156599999999999878e-02 -5.961009999999999920e-01
-2.297199999999999936e-02 -5.878799999999999581e-01
-2.755000000000000070e-03 -5.754479999999999595e-01
1.869300000000000128e-02 -5.583960000000000035e-01
4.098199999999999760e-02 -5.366710000000000091e-01
6.371499999999999386e-02 -5.104859999999999953e-01
8.664499999999999980e-02 -4.800579999999999847e-01
1.095409999999999995e-01 -4.455029999999999824e-01
1.321130000000000082e-01 -4.070030000000000037e-01
1.540759999999999907e-01 -3.647659999999999791e-01
1.751070000000000126e-01 -3.189879999999999938e-01
1.950109999999999899e-01 -2.699960000000000138e-01
2.133529999999999871e-01 -2.180920000000000081e-01
2.295609999999999873e-01 -1.638870000000000049e-01
2.430299999999999960e-01 -1.083940000000000042e-01
2.515609999999999791e-01 -5.661399999999999766e-02
2.534910000000000219e-01 -3.203799999999999704e-02
2.547670000000000212e-01 9.050000000000000752e-03
2.442199999999999926e-01 5.395699999999999802e-02
2.223459999999999881e-01 9.076900000000000246e-02
1.926489999999999869e-01 1.226509999999999961e-01
1.580620000000000080e-01 1.516770000000000063e-01
1.200740000000000002e-01 1.784380000000000133e-01
7.954400000000000359e-02 2.027909999999999990e-01
3.742600000000000093e-02 2.252049999999999885e-01
-5.671999999999999958e-03 2.458930000000000005e-01
-4.935500000000000304e-02 2.633809999999999762e-01
-9.197600000000000220e-02 2.766750000000000043e-01
-7.824200000000000599e-02 2.854439999999999755e-01
-4.301300000000000262e-02 2.884169999999999789e-01
-1.152000000000000073e-02 2.869979999999999754e-01
1.435699999999999997e-02 2.829079999999999928e-01
3.750499999999999667e-02 2.744119999999999893e-01
5.591800000000000243e-02 2.635870000000000157e-01
7.228099999999999803e-02 2.506720000000000059e-01
8.648400000000000531e-02 2.335220000000000073e-01
1.008369999999999961e-01 2.151949999999999974e-01
1.089220000000000049e-01 1.920189999999999952e-01
1.109799999999999953e-01 1.653479999999999950e-01
1.154810000000000003e-01 1.380280000000000118e-01
1.202980000000000022e-01 1.103530000000000066e-01
1.271529999999999883e-01 8.791100000000000303e-02
1.356479999999999908e-01 7.399200000000000221e-02
1.369980000000000087e-01 6.040000000000000230e-02
1.397170000000000079e-01 5.324399999999999966e-02
1.353060000000000096e-01 4.736800000000000038e-02
1.307879999999999876e-01 4.402299999999999963e-02
1.213110000000000022e-01 4.093000000000000110e-02
1.130909999999999971e-01 3.766599999999999809e-02
1.045699999999999963e-01 3.272699999999999915e-02
9.048699999999999799e-02 2.433300000000000046e-02
7.415399999999999769e-02 1.335199999999999929e-02
5.634999999999999731e-02 -3.011999999999999920e-03
3.800499999999999712e-02 -2.388699999999999851e-02
2.067499999999999893e-02 -4.927000000000000129e-02
3.327000000000000096e-03 -7.847099999999999909e-02
-1.443799999999999945e-02 -1.096810000000000007e-01
-3.171199999999999714e-02 -1.416729999999999934e-01
-4.774599999999999678e-02 -1.717269999999999908e-01
-6.182100000000000095e-02 -1.980260000000000076e-01
-7.354099999999999526e-02 -2.196460000000000079e-01
-8.210599999999999843e-02 -2.363669999999999938e-01
-8.718900000000000261e-02 -2.489039999999999864e-01
-9.008599999999999941e-02 -2.588500000000000245e-01
-9.135100000000000164e-02 -2.676109999999999878e-01
-9.153899999999999537e-02 -2.765110000000000068e-01
-9.093500000000000194e-02 -2.865880000000000094e-01
-8.956000000000000072e-02 -2.986920000000000130e-01
-8.754099999999999382e-02 -3.135740000000000194e-01
-8.480400000000000438e-02 -3.313110000000000221e-01
-8.094300000000000106e-02 -3.515909999999999869e-01
-7.532099999999999906e-02 -3.741680000000000006e-01
-6.722400000000000597e-02 -3.985230000000000161e-01
-5.636800000000000144e-02 -4.240840000000000165e-01
-4.271599999999999703e-02 -4.503329999999999833e-01
-2.610099999999999920e-02 -4.769579999999999931e-01
-7.285999999999999942e-03 -5.035979999999999901e-01
1.332099999999999951e-02 -5.300789999999999669e-01
3.470499999999999974e-02 -5.559359999999999857e-01
5.548800000000000260e-02 -5.814000000000000279e-01
7.387299999999999423e-02 -6.072290000000000187e-01
8.794599999999999640e-02 -6.352179999999999493e-01
9.569600000000000328e-02 -6.681350000000000344e-01
9.533899999999999320e-02 -7.070800000000000418e-01
8.615399999999999447e-02 -7.470040000000000013e-01
7.083599999999999619e-02 -7.798599999999999977e-01
5.041400000000000048e-02 -8.028910000000000213e-01
2.274999999999999939e-02 -8.186240000000000183e-01
-1.714500000000000052e-02 -8.303660000000000485e-01
-7.719299999999999773e-02 -8.398999999999999799e-01
-1.619730000000000059e-01 -8.486299999999999955e-01
