-3.754330000000000167e-01 -8.707089999999999552e-01
-3.318869999999999876e-01 -8.482330000000000148e-01
-2.668340000000000156e-01 -8.126010000000000177e-01
-2.029940000000000078e-01 -7.444870000000000099e-01
-1.412599999999999967e-01 -6.583040000000000003e-01
-8.790100000000000691e-02 -6.061819999999999986e-01
-3.880200000000000315e-02 -5.778870000000000395e-01
1.090000000000000040e-03 -5.676470000000000127e-01
2.644200000000000023e-02 -5.737489999999999535e-01
3.833199999999999802e-02 -5.879240000000000022e-01
3.771499999999999853e-02 -6.036890000000000311e-01
2.427500000000000144e-02 -6.183520000000000127e-01
-2.942000000000000171e-03 -6.307800000000000074e-01
-4.516599999999999782e-02 -6.401750000000000496e-01
-1.020640000000000019e-01 -6.458110000000000239e-01
-1.711300000000000043e-01 -6.470249999999999613e-01
-2.499989999999999990e-01 -6.429909999999999792e-01
-3.312220000000000164e-01 -6.331649999999999778e-01
-3.816899999999999737e-01 -6.171069999999999611e-01
-2.897129999999999983e-01 -5.950809999999999711e-01
-2.083029999999999882e-01 -5.674970000000000292e-01
-1.400470000000000048e-01 -5.351460000000000106e-01
-8.497799999999999798e-02 -4.985780000000000212e-01
-4.119300000000000045e-02 -4.584320000000000062e-01
-6.850000000000000186e-03 -4.153499999999999970e-01
1.906599999999999961e-02 -3.703239999999999865e-01
3.732300000000000201e-02 -3.246660000000000101e-01
4.745100000000000012e-02 -2.803649999999999753e-01
4.858400000000000218e-02 -2.398849999999999871e-01
3.974799999999999861e-02 -2.055659999999999987e-01
2.073600000000000096e-02 -1.789669999999999872e-01
-6.322000000000000362e-03 -1.598090000000000066e-01
-3.925800000000000123e-02 -1.468379999999999963e-01
-7.603000000000000036e-02 -1.393689999999999929e-01
-1.144619999999999943e-01 -1.365419999999999967e-01
-1.277790000000000037e-01 -1.381269999999999998e-01
-9.425200000000000244e-02 -1.432340000000000002e-01
-6.539799999999999780e-02 -1.510640000000000038e-01
-4.225600000000000189e-02 -1.623870000000000036e-01
-2.303399999999999892e-02 -1.768730000000000024e-01
-7.533999999999999898e-03 -1.951990000000000114e-01
3.599000000000000202e-03 -2.153299999999999936e-01
1.145499999999999990e-02 -2.361229999999999996e-01
1.538100000000000057e-02 -2.597599999999999909e-01
1.662399999999999989e-02 -2.830429999999999890e-01
1.889400000000000107e-02 -3.024439999999999906e-01
2.136499999999999858e-02 -3.148029999999999995e-01
2.515600000000000128e-02 -3.131430000000000047e-01
3.339400000000000007e-02 -2.992360000000000020e-01
4.286399999999999932e-02 -2.775619999999999754e-01
5.166500000000000259e-02 -2.539620000000000211e-01
6.113400000000000084e-02 -2.292780000000000096e-01
6.419999999999999318e-02 -2.067819999999999936e-01
6.401700000000000446e-02 -1.888229999999999908e-01
6.015999999999999820e-02 -1.734809999999999963e-01
5.224999999999999784e-02 -1.615139999999999909e-01
3.859800000000000036e-02 -1.520779999999999910e-01
2.404600000000000140e-02 -1.425170000000000048e-01
8.165999999999999648e-03 -1.344059999999999977e-01
-6.529000000000000081e-03 -1.292560000000000098e-01
-2.033000000000000085e-02 -1.290900000000000103e-01
-3.556499999999999939e-02 -1.365590000000000137e-01
-5.209600000000000342e-02 -1.496560000000000112e-01
-6.907199999999999451e-02 -1.657689999999999997e-01
-8.605000000000000149e-02 -1.831309999999999882e-01
-1.018609999999999932e-01 -2.006709999999999883e-01
-1.156459999999999988e-01 -2.172590000000000077e-01
-1.281799999999999884e-01 -2.321930000000000105e-01
-1.399229999999999918e-01 -2.455309999999999993e-01
-1.506629999999999914e-01 -2.574839999999999907e-01
-1.598990000000000133e-01 -2.685770000000000102e-01
-1.677369999999999972e-01 -2.793720000000000092e-01
-1.744290000000000007e-01 -2.903720000000000190e-01
-1.798990000000000034e-01 -3.020390000000000019e-01
-1.837050000000000072e-01 -3.146160000000000068e-01
-1.854320000000000135e-01 -3.282749999999999835e-01
-1.848059999999999981e-01 -3.431600000000000206e-01
-1.811639999999999917e-01 -3.591159999999999908e-01
-1.738460000000000005e-01 -3.759680000000000244e-01
-1.623449999999999893e-01 -3.934869999999999757e-01
-1.458069999999999922e-01 -4.115599999999999814e-01
-1.245629999999999932e-01 -4.299459999999999948e-01
-9.780200000000000005e-02 -4.487949999999999995e-01
-6.663800000000000279e-02 -4.680320000000000036e-01
-3.099599999999999925e-02 -4.879990000000000161e-01
7.387000000000000337e-03 -5.086870000000000003e-01
4.718300000000000272e-02 -5.297770000000000534e-01
8.637799999999999645e-02 -5.506290000000000351e-01
1.225259999999999960e-01 -5.710410000000000208e-01
1.536849999999999883e-01 -5.915230000000000210e-01
1.771840000000000082e-01 -6.138860000000000428e-01
1.902979999999999949e-01 -6.422839999999999661e-01
1.901799999999999879e-01 -6.834599999999999564e-01
1.776739999999999986e-01 -7.364450000000000163e-01
1.570840000000000014e-01 -7.826499999999999568e-01
1.278130000000000099e-01 -8.116839999999999611e-01
8.037400000000000100e-02 -8.295670000000000543e-01
-8.123999999999999277e-03 -8.424519999999999786e-01
-3.267809999999999881e-01 -5.953439999999999843e-01
-3.580969999999999986e-01 -5.616240000000000121e-01
-3.901379999999999848e-01 -5.382219999999999782e-01
-4.120460000000000234e-01 -5.193200000000000038e-01
-3.627079999999999749e-01 -4.998779999999999890e-01
-3.134009999999999851e-01 -4.768459999999999921e-01
-2.651850000000000041e-01 -4.486930000000000085e-01
-2.197389999999999899e-01 -4.150349999999999873e-01
-1.797420000000000129e-01 -3.765910000000000091e-01
-1.483299999999999896e-01 -3.350250000000000172e-01
-1.281640000000000001e-01 -2.924379999999999757e-01
-1.212950000000000000e-01 -2.508879999999999999e-01
-1.314549999999999885e-01 -2.127779999999999949e-01
-1.578779999999999906e-01 -1.798669999999999991e-01
-2.011590000000000045e-01 -1.540529999999999955e-01
-1.988479999999999970e-01 -1.362530000000000130e-01
-1.298009999999999997e-01 -1.267919999999999880e-01
-6.285100000000000409e-02 -1.245870000000000033e-01
-4.910000000000000085e-04 -1.282800000000000051e-01
5.347999999999999976e-02 -1.356219999999999926e-01
9.629600000000000659e-02 -1.446739999999999970e-01
1.227909999999999974e-01 -1.528299999999999936e-01
1.280669999999999864e-01 -1.581529999999999880e-01
1.111919999999999992e-01 -1.597099999999999909e-01
6.816700000000000537e-02 -1.545620000000000049e-01
1.580999999999999940e-03 -1.410730000000000040e-01
-8.026700000000000501e-02 -1.176009999999999972e-01
-1.609099999999999975e-01 -8.317900000000000293e-02
-2.069400000000000128e-01 -3.989100000000000285e-02
-1.225259999999999960e-01 8.007999999999999494e-03
-6.541700000000000292e-02 5.644899999999999918e-02
-3.684199999999999975e-02 9.964800000000000046e-02
-3.575400000000000106e-02 1.315070000000000128e-01
-5.612199999999999828e-02 1.476139999999999952e-01
-6.282400000000000484e-02 1.475249999999999895e-01
-1.932599999999999943e-02 1.352049999999999919e-01
1.627400000000000027e-02 1.134060000000000068e-01
4.143800000000000261e-02 8.242199999999999527e-02
5.673099999999999671e-02 4.624500000000000138e-02
6.386600000000000610e-02 6.440000000000000412e-03
6.557999999999999940e-02 -3.693300000000000055e-02
6.453299999999999315e-02 -7.818500000000000449e-02
5.969200000000000200e-02 -1.172519999999999951e-01
5.300599999999999756e-02 -1.520960000000000090e-01
5.269900000000000279e-02 -1.734130000000000116e-01
5.188199999999999756e-02 -1.906519999999999881e-01
5.352599999999999719e-02 -1.985210000000000030e-01
5.555100000000000315e-02 -1.956430000000000113e-01
5.703899999999999942e-02 -1.879959999999999964e-01
5.280300000000000271e-02 -1.795640000000000014e-01
4.559499999999999664e-02 -1.735279999999999878e-01
3.612599999999999839e-02 -1.700210000000000055e-01
2.228799999999999878e-02 -1.690589999999999871e-01
8.607000000000000067e-03 -1.703770000000000007e-01
-8.299000000000000821e-03 -1.762469999999999870e-01
-2.618300000000000141e-02 -1.876130000000000020e-01
-4.466200000000000031e-02 -2.046479999999999966e-01
-5.846300000000000108e-02 -2.045160000000000033e-01
-7.215100000000000680e-02 -2.039279999999999982e-01
-8.735099999999999809e-02 -2.106800000000000062e-01
-1.026429999999999981e-01 -2.210719999999999907e-01
-1.167149999999999993e-01 -2.319400000000000073e-01
-1.293580000000000008e-01 -2.429320000000000090e-01
-1.411669999999999869e-01 -2.535439999999999916e-01
-1.525509999999999922e-01 -2.638510000000000022e-01
-1.629680000000000017e-01 -2.743070000000000230e-01
-1.721830000000000027e-01 -2.850400000000000156e-01
-1.800059999999999993e-01 -2.961460000000000203e-01
-1.859220000000000039e-01 -3.079149999999999943e-01
-1.896789999999999865e-01 -3.206370000000000053e-01
-1.912369999999999903e-01 -3.344530000000000003e-01
-1.900169999999999915e-01 -3.493899999999999784e-01
-1.852239999999999998e-01 -3.650869999999999949e-01
-1.760970000000000035e-01 -3.812969999999999970e-01
-1.618539999999999979e-01 -3.979489999999999972e-01
-1.423870000000000136e-01 -4.148299999999999765e-01
-1.171679999999999944e-01 -4.319779999999999731e-01
-8.703099999999999725e-02 -4.494400000000000062e-01
-5.191099999999999881e-02 -4.676339999999999941e-01
-1.341999999999999964e-02 -4.866770000000000262e-01
2.758400000000000088e-02 -5.064760000000000373e-01
6.904399999999999427e-02 -5.265919999999999490e-01
1.090409999999999990e-01 -5.462599999999999678e-01
1.455889999999999962e-01 -5.652930000000000454e-01
1.762400000000000078e-01 -5.844249999999999723e-01
1.987909999999999955e-01 -6.055610000000000159e-01
2.112169999999999881e-01 -6.327420000000000266e-01
2.108099999999999974e-01 -6.730150000000000299e-01
1.983600000000000085e-01 -7.278660000000000130e-01
1.770200000000000107e-01 -7.783050000000000246e-01
1.470190000000000108e-01 -8.102310000000000345e-01
9.944600000000000661e-02 -8.293000000000000371e-01
1.715399999999999911e-02 -8.427449999999999664e-01
-2.982589999999999963e-01 -7.360250000000000403e-01
-2.948020000000000085e-01 -7.612889999999999935e-01
-2.897390000000000243e-01 -7.792719999999999647e-01
-2.842569999999999819e-01 -7.913919999999999844e-01
-2.780719999999999859e-01 -7.954679999999999529e-01
-2.709400000000000142e-01 -7.874349999999999961e-01
-2.631959999999999855e-01 -7.672130000000000338e-01
-2.556610000000000271e-01 -7.392779999999999907e-01
-2.488569999999999949e-01 -7.068140000000000533e-01
-2.427729999999999888e-01 -6.711070000000000091e-01
-2.371290000000000064e-01 -6.326699999999999546e-01
-2.316189999999999916e-01 -5.917109999999999870e-01
-2.257339999999999902e-01 -5.483649999999999913e-01
-2.190010000000000012e-01 -5.026779999999999582e-01
-2.111049999999999871e-01 -4.548820000000000086e-01
-2.018379999999999896e-01 -4.054380000000000206e-01
-1.910560000000000036e-01 -3.550099999999999922e-01
-1.787160000000000137e-01 -3.042070000000000052e-01
-1.647840000000000138e-01 -2.536499999999999866e-01
-1.490249999999999908e-01 -2.042990000000000084e-01
-1.330000000000000071e-01 -1.593710000000000127e-01
-1.155859999999999943e-01 -9.196799999999999420e-02
-1.041379999999999945e-01 -6.469500000000000250e-02
-8.546800000000000230e-02 -3.009200000000000069e-02
-6.603599999999999748e-02 -2.159999999999999919e-04
-4.641900000000000193e-02 2.374599999999999975e-02
-2.778500000000000067e-02 4.059200000000000308e-02
-1.095499999999999946e-02 4.996799999999999853e-02
4.139999999999999583e-03 5.282599999999999796e-02
1.931499999999999884e-02 5.018000000000000238e-02
3.488900000000000334e-02 4.170100000000000195e-02
4.714100000000000235e-02 2.534399999999999847e-02
5.532399999999999818e-02 1.428999999999999932e-03
6.175499999999999740e-02 -2.659299999999999858e-02
6.645900000000000418e-02 -5.673299999999999871e-02
6.872200000000000530e-02 -8.534400000000000319e-02
7.029699999999999838e-02 -1.051819999999999977e-01
5.312599999999999961e-02 -1.201730000000000020e-01
1.334899999999999975e-02 -1.140169999999999934e-01
-4.337400000000000283e-02 -7.881599999999999717e-02
-8.090799999999999381e-02 -1.194300000000000049e-02
-7.499000000000000110e-02 6.147899999999999893e-02
-2.952400000000000163e-02 1.092660000000000020e-01
2.849600000000000050e-02 1.258440000000000114e-01
6.910099999999999576e-02 1.180009999999999948e-01
8.707600000000000062e-02 9.371899999999999675e-02
9.464799999999999602e-02 6.512600000000000333e-02
9.248900000000000177e-02 3.231900000000000051e-02
8.972499999999999920e-02 6.633000000000000007e-03
9.254999999999999338e-02 -5.130000000000000011e-03
8.939199999999999924e-02 -2.304399999999999851e-02
8.506299999999999972e-02 -3.441199999999999815e-02
8.422100000000000419e-02 -3.744900000000000312e-02
8.047400000000000386e-02 -4.072900000000000131e-02
7.173899999999999721e-02 -4.383700000000000097e-02
6.008499999999999952e-02 -4.521499999999999825e-02
4.699500000000000205e-02 -4.873399999999999954e-02
3.232499999999999957e-02 -5.730999999999999983e-02
1.590300000000000047e-02 -6.700200000000000600e-02
-1.325999999999999922e-03 -7.896899999999999753e-02
-2.032399999999999832e-02 -9.655099999999999794e-02
-4.024799999999999905e-02 -1.203749999999999959e-01
-5.968299999999999994e-02 -1.479350000000000109e-01
-7.864400000000000557e-02 -1.765539999999999887e-01
-9.668899999999999717e-02 -2.016219999999999957e-01
-1.133929999999999938e-01 -2.224849999999999883e-01
-1.285509999999999986e-01 -2.400889999999999969e-01
-1.428790000000000060e-01 -2.556760000000000144e-01
-1.560920000000000085e-01 -2.701569999999999805e-01
-1.677289999999999892e-01 -2.834559999999999858e-01
-1.775680000000000036e-01 -2.956679999999999864e-01
-1.852560000000000040e-01 -3.077019999999999755e-01
-1.903050000000000019e-01 -3.201120000000000076e-01
-1.923640000000000072e-01 -3.331810000000000049e-01
-1.911770000000000136e-01 -3.467649999999999899e-01
-1.858489999999999864e-01 -3.607520000000000171e-01
-1.761610000000000120e-01 -3.746760000000000090e-01
-1.609569999999999890e-01 -3.888050000000000117e-01
-1.401350000000000096e-01 -4.030009999999999981e-01
-1.133880000000000027e-01 -4.174109999999999765e-01
-8.116600000000000203e-02 -4.324009999999999798e-01
-4.384600000000000303e-02 -4.482929999999999970e-01
-3.199000000000000021e-03 -4.654479999999999729e-01
3.931799999999999878e-02 -4.835340000000000193e-01
8.225300000000000666e-02 -5.019799999999999818e-01
1.233619999999999994e-01 -5.201379999999999892e-01
1.608980000000000132e-01 -5.377849999999999575e-01
1.931970000000000076e-01 -5.553169999999999495e-01
2.179999999999999993e-01 -5.737860000000000182e-01
2.331679999999999864e-01 -5.954760000000000053e-01
2.367980000000000085e-01 -6.250930000000000097e-01
2.278070000000000095e-01 -6.717070000000000540e-01
2.046979999999999911e-01 -7.360649999999999693e-01
1.705550000000000122e-01 -7.904999999999999805e-01
1.211089999999999944e-01 -8.214559999999999640e-01
3.729699999999999682e-02 -8.400419999999999554e-01
-4.175380000000000202e-01 -6.687640000000000251e-01
-4.092160000000000242e-01 -6.712510000000000421e-01
-4.078649999999999776e-01 -6.974120000000000319e-01
-4.065540000000000265e-01 -7.121199999999999752e-01
-4.058019999999999960e-01 -7.177240000000000286e-01
-4.055219999999999936e-01 -7.159750000000000281e-01
-4.049710000000000254e-01 -7.082380000000000342e-01
-4.032769999999999966e-01 -6.943719999999999892e-01
-3.993700000000000028e-01 -6.730249999999999844e-01
-3.912900000000000267e-01 -6.437760000000000149e-01
-3.638500000000000068e-01 -6.076439999999999619e-01
-3.365429999999999811e-01 -5.664820000000000411e-01
-3.103259999999999907e-01 -5.222599999999999465e-01
-2.860519999999999730e-01 -4.764929999999999999e-01
-2.643849999999999811e-01 -4.303230000000000111e-01
-2.457189999999999930e-01 -3.845930000000000182e-01
-2.303409999999999902e-01 -3.399750000000000272e-01
-2.183849999999999958e-01 -2.970650000000000235e-01
-2.102179999999999882e-01 -2.563019999999999743e-01
-1.924990000000000034e-01 -2.178910000000000013e-01
-1.652150000000000007e-01 -1.820199999999999874e-01
-1.377450000000000063e-01 -1.485889999999999989e-01
-1.106599999999999945e-01 -1.175299999999999956e-01
-8.446399999999999741e-02 -8.842400000000000260e-02
-5.933999999999999692e-02 -6.146700000000000080e-02
-3.550699999999999690e-02 -3.729299999999999976e-02
-1.315799999999999956e-02 -1.632400000000000170e-02
8.285999999999999963e-03 1.734000000000000081e-03
2.759299999999999947e-02 1.703800000000000106e-02
4.488899999999999835e-02 3.036900000000000016e-02
5.921799999999999981e-02 4.138000000000000012e-02
6.959899999999999420e-02 5.007700000000000345e-02
7.937199999999999811e-02 5.711200000000000304e-02
8.070499999999999896e-02 5.966500000000000276e-02
8.081800000000000095e-02 6.016599999999999726e-02
8.065200000000000147e-02 5.932799999999999879e-02
7.972400000000000320e-02 5.461300000000000182e-02
7.617200000000000359e-02 4.372999999999999804e-02
6.979799999999999893e-02 2.817700000000000066e-02
6.722899999999999709e-02 9.003000000000000586e-03
6.444199999999999928e-02 -1.189300000000000079e-02
6.210500000000000048e-02 -3.133299999999999974e-02
6.403200000000000558e-02 -4.689499999999999919e-02
6.525999999999999857e-02 -5.655400000000000010e-02
6.508999999999999508e-02 -5.993300000000000016e-02
5.792400000000000326e-02 -4.128799999999999831e-02
4.727200000000000152e-02 -3.054999999999999990e-03
5.866899999999999893e-02 4.580800000000000149e-02
8.801900000000000002e-02 7.117500000000000215e-02
1.038120000000000015e-01 8.299299999999999733e-02
1.152709999999999985e-01 8.018999999999999739e-02
1.212809999999999999e-01 8.062300000000000022e-02
1.215679999999999955e-01 7.170400000000000384e-02
1.226720000000000033e-01 6.243300000000000238e-02
1.211119999999999974e-01 5.570900000000000157e-02
1.149260000000000004e-01 4.699799999999999811e-02
1.088989999999999958e-01 4.038200000000000123e-02
1.036370000000000069e-01 3.537599999999999772e-02
9.451800000000000479e-02 3.055899999999999936e-02
8.405700000000000671e-02 2.569600000000000009e-02
7.186399999999999733e-02 1.986299999999999871e-02
5.669899999999999940e-02 1.039799999999999926e-02
4.025100000000000205e-02 -2.118000000000000091e-03
2.072099999999999984e-02 -2.142499999999999960e-02
9.269999999999999811e-04 -4.490700000000000247e-02
-1.965400000000000133e-02 -7.366499999999999437e-02
-4.160200000000000009e-02 -1.081400000000000000e-01
-6.420599999999999918e-02 -1.441469999999999974e-01
-8.565000000000000391e-02 -1.780079999999999996e-01
-1.053449999999999942e-01 -2.078589999999999882e-01
-1.233780000000000016e-01 -2.332569999999999921e-01
-1.388280000000000070e-01 -2.544500000000000095e-01
-1.521939999999999960e-01 -2.724179999999999935e-01
-1.630220000000000002e-01 -2.878669999999999840e-01
-1.703079999999999872e-01 -3.013609999999999900e-01
-1.735639999999999961e-01 -3.136950000000000016e-01
-1.726050000000000084e-01 -3.250449999999999728e-01
-1.665480000000000016e-01 -3.352859999999999729e-01
-1.550630000000000064e-01 -3.452290000000000081e-01
-1.379249999999999921e-01 -3.551960000000000117e-01
-1.152060000000000028e-01 -3.655160000000000076e-01
-8.658299999999999330e-02 -3.768480000000000163e-01
-5.377900000000000041e-02 -3.893829999999999791e-01
-1.663299999999999848e-02 -4.038789999999999880e-01
2.277399999999999911e-02 -4.202400000000000024e-01
6.338000000000000578e-02 -4.380660000000000109e-01
1.038909999999999972e-01 -4.566799999999999748e-01
1.426340000000000108e-01 -4.754470000000000085e-01
1.785899999999999987e-01 -4.939859999999999807e-01
2.101790000000000047e-01 -5.120770000000000044e-01
2.361320000000000086e-01 -5.301540000000000141e-01
2.550450000000000217e-01 -5.490789999999999837e-01
2.655250000000000110e-01 -5.705400000000000471e-01
2.656180000000000208e-01 -5.979200000000000070e-01
2.506860000000000199e-01 -6.398719999999999963e-01
2.167469999999999952e-01 -7.114139999999999908e-01
1.649220000000000130e-01 -7.869310000000000471e-01
9.229600000000000304e-02 -8.281220000000000248e-01
-3.727030000000000065e-01 -6.672219999999999818e-01
-3.697090000000000098e-01 -6.899030000000000440e-01
-3.616349999999999842e-01 -6.957060000000000466e-01
-3.500340000000000118e-01 -6.902719999999999967e-01
-3.352180000000000160e-01 -6.786680000000000490e-01
-3.166100000000000025e-01 -6.615520000000000289e-01
-2.958370000000000166e-01 -6.398500000000000298e-01
-2.751049999999999884e-01 -6.147080000000000322e-01
-2.544190000000000063e-01 -5.861290000000000111e-01
-2.338850000000000096e-01 -5.543270000000000142e-01
-2.141329999999999900e-01 -5.201019999999999532e-01
-1.953779999999999961e-01 -4.837969999999999771e-01
-1.780239999999999878e-01 -4.459380000000000011e-01
-1.625179999999999958e-01 -4.071560000000000179e-01
-1.492779999999999940e-01 -3.680729999999999835e-01
-1.387239999999999862e-01 -3.292809999999999904e-01
-1.311029999999999973e-01 -2.913529999999999731e-01
-1.267320000000000113e-01 -2.547909999999999897e-01
-1.256639999999999979e-01 -2.199319999999999886e-01
-1.281819999999999904e-01 -1.873829999999999940e-01
-1.340619999999999867e-01 -1.574069999999999914e-01
-1.430559999999999887e-01 -1.302780000000000049e-01
-1.548329999999999984e-01 -1.062160000000000049e-01
-1.623680000000000123e-01 -8.534300000000000219e-02
-1.351269999999999971e-01 -6.771099999999999342e-02
-1.106609999999999955e-01 -5.327300000000000091e-02
-8.852999999999999758e-02 -4.143700000000000161e-02
-6.765599999999999392e-02 -3.162199999999999733e-02
-4.828099999999999753e-02 -2.423499999999999960e-02
-3.117800000000000085e-02 -1.933999999999999955e-02
-1.762400000000000078e-02 -1.709199999999999955e-02
-6.983999999999999757e-03 -1.599400000000000127e-02
8.999999999999999754e-04 -1.609000000000000014e-02
6.836000000000000063e-03 -1.698600000000000110e-02
1.532400000000000082e-02 -1.703299999999999953e-02
2.571299999999999975e-02 -1.703899999999999859e-02
3.852200000000000069e-02 -1.680699999999999902e-02
5.061100000000000321e-02 -1.861900000000000013e-02
5.950500000000000234e-02 -2.243799999999999961e-02
6.543300000000000505e-02 -2.729200000000000029e-02
7.189099999999999657e-02 -3.109800000000000064e-02
7.610400000000000498e-02 -3.638700000000000268e-02
7.655700000000000005e-02 -4.374800000000000216e-02
7.805099999999999538e-02 -5.013999999999999707e-02
8.518399999999999583e-02 -5.134899999999999881e-02
9.223900000000000154e-02 -4.540899999999999798e-02
9.176800000000000235e-02 -3.500999999999999945e-02
9.651800000000000657e-02 -1.250700000000000076e-02
9.974299999999999833e-02 1.010299999999999913e-02
1.083640000000000020e-01 2.363499999999999976e-02
1.238770000000000010e-01 3.870799999999999935e-02
1.293759999999999910e-01 4.270499999999999990e-02
1.322979999999999989e-01 3.943900000000000183e-02
1.323340000000000072e-01 3.592299999999999660e-02
1.315540000000000043e-01 3.479499999999999954e-02
1.250560000000000005e-01 3.175599999999999951e-02
1.176080000000000042e-01 2.646700000000000094e-02
1.108719999999999983e-01 1.828600000000000017e-02
1.011449999999999988e-01 9.839999999999999789e-03
8.997900000000000342e-02 1.759999999999999954e-04
7.662299999999999667e-02 -9.778999999999999498e-03
6.105700000000000016e-02 -2.213999999999999996e-02
4.493400000000000172e-02 -3.913300000000000112e-02
2.507200000000000054e-02 -6.313900000000000068e-02
2.507999999999999813e-03 -9.325799999999999368e-02
-2.035100000000000103e-02 -1.273410000000000097e-01
-4.338000000000000189e-02 -1.631839999999999957e-01
-6.601700000000000623e-02 -1.968709999999999904e-01
-8.729399999999999660e-02 -2.257109999999999950e-01
-1.060790000000000066e-01 -2.472010000000000041e-01
-1.214429999999999954e-01 -2.623880000000000101e-01
-1.288060000000000038e-01 -2.638909999999999867e-01
-1.374879999999999991e-01 -2.849900000000000211e-01
-1.427150000000000085e-01 -2.886889999999999734e-01
-1.453589999999999882e-01 -2.971940000000000137e-01
-1.427960000000000063e-01 -3.042659999999999809e-01
-1.351880000000000026e-01 -3.103279999999999927e-01
-1.227049999999999946e-01 -3.163050000000000028e-01
-1.053000000000000047e-01 -3.224079999999999724e-01
-8.325000000000000455e-02 -3.292050000000000254e-01
-5.715900000000000147e-02 -3.372450000000000170e-01
-2.824600000000000027e-02 -3.471580000000000221e-01
2.912999999999999791e-03 -3.595340000000000202e-01
3.512900000000000050e-02 -3.744569999999999843e-01
6.757399999999999518e-02 -3.917109999999999759e-01
9.979899999999999882e-02 -4.107500000000000040e-01
1.308759999999999923e-01 -4.307880000000000043e-01
1.605240000000000000e-01 -4.511700000000000155e-01
1.880999999999999894e-01 -4.714110000000000245e-01
2.129719999999999946e-01 -4.913049999999999917e-01
2.342879999999999963e-01 -5.109700000000000353e-01
2.504009999999999847e-01 -5.308220000000000161e-01
2.598900000000000099e-01 -5.521230000000000304e-01
2.609960000000000058e-01 -5.772249999999999881e-01
2.498229999999999895e-01 -6.109339999999999771e-01
2.204129999999999978e-01 -6.687239999999999851e-01
1.692170000000000063e-01 -7.569320000000000492e-01
9.844200000000000172e-02 -8.183960000000000123e-01
-3.814000000000000168e-01 -6.826879999999999615e-01
-3.787209999999999743e-01 -6.153859999999999886e-01
-3.845779999999999754e-01 -6.173969999999999736e-01
-3.871859999999999746e-01 -6.239919999999999911e-01
-3.835080000000000156e-01 -6.241870000000000474e-01
-3.725680000000000103e-01 -6.178059999999999663e-01
-3.572270000000000167e-01 -6.063479999999999981e-01
-3.403309999999999946e-01 -5.911399999999999988e-01
-3.223409999999999886e-01 -5.722730000000000317e-01
-3.036710000000000242e-01 -5.499739999999999629e-01
-2.851119999999999766e-01 -5.249650000000000150e-01
-2.669179999999999886e-01 -4.974419999999999953e-01
-2.493879999999999986e-01 -4.677549999999999764e-01
-2.328689999999999927e-01 -4.363279999999999936e-01
-2.176659999999999984e-01 -4.035489999999999911e-01
-2.040389999999999981e-01 -3.698190000000000088e-01
-1.921029999999999960e-01 -3.355369999999999742e-01
-1.820700000000000096e-01 -3.011949999999999905e-01
-1.740990000000000038e-01 -2.672189999999999843e-01
-1.686090000000000089e-01 -2.343369999999999898e-01
-1.657309999999999894e-01 -2.030669999999999975e-01
-1.654609999999999970e-01 -1.739380000000000093e-01
-1.683030000000000082e-01 -1.474789999999999990e-01
-1.714789999999999925e-01 -1.240200000000000052e-01
-1.460009999999999919e-01 -1.039189999999999975e-01
-1.220070000000000043e-01 -8.745600000000000596e-02
-9.914900000000000102e-02 -7.460100000000000064e-02
-7.737199999999999633e-02 -6.471000000000000363e-02
-5.737300000000000039e-02 -5.749499999999999750e-02
-3.849999999999999950e-02 -5.194700000000000012e-02
-2.178799999999999834e-02 -4.797799999999999981e-02
-7.773000000000000395e-03 -4.567399999999999932e-02
3.374999999999999962e-03 -4.492700000000000166e-02
1.284500000000000051e-02 -4.539499999999999785e-02
2.005099999999999938e-02 -4.784599999999999964e-02
2.529700000000000004e-02 -5.068099999999999689e-02
3.220800000000000052e-02 -5.322000000000000342e-02
4.065200000000000063e-02 -5.473700000000000093e-02
4.933699999999999891e-02 -5.522099999999999925e-02
5.866500000000000187e-02 -5.737799999999999845e-02
6.589599999999999624e-02 -6.046399999999999691e-02
7.372700000000000087e-02 -6.183199999999999807e-02
8.593099999999999350e-02 -6.003000000000000003e-02
9.669700000000000517e-02 -5.659100000000000241e-02
1.074959999999999943e-01 -5.164099999999999940e-02
1.182180000000000036e-01 -4.265499999999999847e-02
1.196959999999999968e-01 -3.499800000000000133e-02
1.226880000000000054e-01 -1.892399999999999985e-02
1.304269999999999874e-01 -2.099000000000000171e-03
1.349130000000000051e-01 8.526999999999999857e-03
1.456620000000000137e-01 1.576100000000000070e-02
1.486860000000000126e-01 1.403100000000000007e-02
1.467610000000000026e-01 1.021999999999999992e-02
1.463639999999999941e-01 6.160999999999999810e-03
1.437720000000000109e-01 1.489999999999999897e-04
1.378209999999999991e-01 -5.455999999999999912e-03
1.312309999999999865e-01 -1.204700000000000042e-02
1.201640000000000069e-01 -2.282100000000000101e-02
1.048599999999999949e-01 -3.550299999999999984e-02
8.912299999999999389e-02 -4.940300000000000247e-02
7.317700000000000593e-02 -6.499499999999999722e-02
5.843700000000000283e-02 -8.567099999999999715e-02
5.287499999999999839e-02 -8.154799999999999549e-02
3.908400000000000069e-02 -1.065159999999999996e-01
1.708199999999999996e-02 -1.366410000000000124e-01
-6.212999999999999773e-03 -1.708300000000000096e-01
-3.056499999999999842e-02 -2.072740000000000138e-01
-5.462499999999999994e-02 -2.405869999999999953e-01
-7.506300000000000472e-02 -2.657979999999999787e-01
-9.091799999999999882e-02 -2.821040000000000214e-01
-1.024840000000000056e-01 -2.919550000000000201e-01
-1.095720000000000027e-01 -2.981820000000000026e-01
-1.129720000000000030e-01 -3.022090000000000054e-01
-1.118959999999999955e-01 -3.047679999999999834e-01
-1.062020000000000047e-01 -3.062909999999999799e-01
-9.596899999999999875e-02 -3.072190000000000198e-01
-8.150899999999999812e-02 -3.080530000000000213e-01
-6.372600000000000486e-02 -3.091599999999999904e-01
-4.348599999999999688e-02 -3.113299999999999956e-01
-2.168399999999999841e-02 -3.157320000000000126e-01
9.779999999999999197e-04 -3.228070000000000106e-01
2.437800000000000036e-02 -3.330299999999999927e-01
4.776400000000000090e-02 -3.464050000000000185e-01
7.049099999999999810e-02 -3.625289999999999901e-01
9.255199999999999538e-02 -3.809620000000000228e-01
1.136950000000000044e-01 -4.009369999999999878e-01
1.342899999999999927e-01 -4.219019999999999992e-01
1.542489999999999972e-01 -4.433440000000000158e-01
1.733609999999999873e-01 -4.647169999999999912e-01
1.915439999999999920e-01 -4.859840000000000271e-01
2.079439999999999900e-01 -5.072729999999999739e-01
2.212359999999999882e-01 -5.288629999999999720e-01
2.295580000000000120e-01 -5.520450000000000079e-01
2.303969999999999907e-01 -5.791279999999999761e-01
2.187219999999999998e-01 -6.149229999999999974e-01
1.887629999999999864e-01 -6.752479999999999594e-01
1.383729999999999960e-01 -7.619899999999999451e-01
7.071199999999999708e-02 -8.199689999999999479e-01
-4.035050000000000026e-01 -7.647439999999999793e-01
-4.039079999999999893e-01 -6.352309999999999901e-01
-4.155539999999999790e-01 -6.049630000000000285e-01
-4.258120000000000238e-01 -6.025300000000000100e-01
-4.297059999999999769e-01 -6.039750000000000396e-01
-4.250909999999999966e-01 -6.004570000000000185e-01
-4.149979999999999780e-01 -5.920239999999999947e-01
-4.021279999999999855e-01 -5.798410000000000508e-01
-3.871769999999999934e-01 -5.640479999999999938e-01
-3.707690000000000152e-01 -5.448880000000000390e-01
-3.537910000000000221e-01 -5.230409999999999782e-01
-3.365310000000000246e-01 -4.987409999999999899e-01
-3.192820000000000102e-01 -4.722879999999999856e-01
-3.022969999999999824e-01 -4.440370000000000150e-01
-2.857779999999999765e-01 -4.143270000000000008e-01
-2.700239999999999863e-01 -3.835239999999999760e-01
-2.551910000000000012e-01 -3.519550000000000178e-01
-2.415309999999999957e-01 -3.200259999999999772e-01
-2.291940000000000088e-01 -2.880139999999999922e-01
-2.186039999999999928e-01 -2.563840000000000008e-01
-2.100990000000000080e-01 -2.254700000000000037e-01
-2.024110000000000076e-01 -1.956849999999999978e-01
-1.781059999999999865e-01 -1.677410000000000012e-01
-1.543990000000000085e-01 -1.421139999999999903e-01
-1.318149999999999877e-01 -1.193140000000000034e-01
-1.107589999999999963e-01 -9.968000000000000471e-02
-9.143999999999999351e-02 -8.354100000000000414e-02
-7.368299999999999850e-02 -7.073899999999999633e-02
-5.711200000000000304e-02 -6.137399999999999800e-02
-4.182199999999999807e-02 -5.489100000000000229e-02
-2.760900000000000160e-02 -5.067599999999999882e-02
-1.515900000000000060e-02 -4.825200000000000322e-02
-4.733000000000000228e-03 -4.712800000000000322e-02
6.067000000000000344e-03 -4.648000000000000048e-02
1.697099999999999997e-02 -4.686099999999999988e-02
2.775899999999999895e-02 -4.852000000000000063e-02
3.624100000000000238e-02 -5.090499999999999886e-02
4.289300000000000057e-02 -5.398300000000000320e-02
4.875000000000000167e-02 -5.727399999999999852e-02
5.795399999999999857e-02 -5.972100000000000325e-02
6.965399999999999370e-02 -6.112700000000000078e-02
8.068300000000000471e-02 -6.290800000000000558e-02
9.296799999999999509e-02 -6.312700000000000256e-02
1.043769999999999976e-01 -6.099700000000000261e-02
1.103490000000000026e-01 -5.670800000000000146e-02
1.125440000000000051e-01 -4.987599999999999673e-02
1.208800000000000013e-01 -3.759500000000000342e-02
1.305860000000000076e-01 -2.412399999999999961e-02
1.374720000000000109e-01 -9.988000000000000350e-03
1.377720000000000056e-01 -3.758000000000000056e-03
1.449179999999999913e-01 1.191000000000000001e-03
1.476860000000000117e-01 1.637000000000000000e-03
1.495489999999999875e-01 -2.099999999999999870e-03
1.522229999999999972e-01 -8.182000000000000037e-03
1.522830000000000017e-01 -1.356899999999999946e-02
1.451139999999999930e-01 -2.000899999999999901e-02
1.334609999999999963e-01 -2.856600000000000111e-02
1.205429999999999974e-01 -4.182299999999999907e-02
1.071339999999999931e-01 -5.917700000000000043e-02
9.046899999999999387e-02 -7.997899999999999454e-02
7.251100000000000600e-02 -1.033970000000000028e-01
5.414299999999999669e-02 -1.300689999999999902e-01
4.452799999999999814e-02 -1.337139999999999995e-01
2.713899999999999993e-02 -1.650590000000000113e-01
3.651999999999999864e-03 -2.023639999999999883e-01
-1.791600000000000137e-02 -2.424129999999999896e-01
-3.957600000000000007e-02 -2.817520000000000024e-01
-5.853900000000000076e-02 -3.089210000000000012e-01
-7.274899999999999423e-02 -3.170410000000000172e-01
-8.247400000000000564e-02 -3.175990000000000202e-01
-8.813500000000000500e-02 -3.162449999999999983e-01
-9.027100000000000402e-02 -3.145259999999999723e-01
-8.924200000000000188e-02 -3.122150000000000203e-01
-8.442500000000000004e-02 -3.093179999999999819e-01
-7.667100000000000304e-02 -3.061260000000000092e-01
-6.621799999999999908e-02 -3.032259999999999955e-01
-5.353600000000000025e-02 -3.011690000000000200e-01
-3.937000000000000222e-02 -3.005109999999999726e-01
-2.423499999999999960e-02 -3.021800000000000042e-01
-8.576999999999999555e-03 -3.068190000000000084e-01
7.276999999999999615e-03 -3.145720000000000183e-01
2.287300000000000097e-02 -3.254380000000000051e-01
3.812399999999999817e-02 -3.392830000000000013e-01
5.309099999999999930e-02 -3.559320000000000261e-01
6.771099999999999342e-02 -3.748440000000000105e-01
8.231199999999999628e-02 -3.955250000000000155e-01
9.759500000000000119e-02 -4.174760000000000137e-01
1.134730000000000044e-01 -4.400660000000000127e-01
1.302740000000000009e-01 -4.628430000000000044e-01
1.477390000000000092e-01 -4.856440000000000201e-01
1.648330000000000073e-01 -5.085830000000000073e-01
1.805910000000000015e-01 -5.321510000000000407e-01
1.919379999999999975e-01 -5.573449999999999793e-01
1.954700000000000049e-01 -5.864279999999999493e-01
1.855829999999999980e-01 -6.252739999999999965e-01
1.565890000000000060e-01 -6.903569999999999984e-01
1.090219999999999939e-01 -7.726330000000000142e-01
4.547299999999999953e-02 -8.228790000000000271e-01
-4.215439999999999743e-01 -8.106529999999999569e-01
-4.306450000000000000e-01 -6.752949999999999786e-01
-4.427269999999999817e-01 -6.111529999999999463e-01
-4.264990000000000170e-01 -5.925390000000000379e-01
-4.116049999999999986e-01 -5.896289999999999587e-01
-4.026429999999999731e-01 -5.873760000000000092e-01
-3.961759999999999726e-01 -5.816890000000000116e-01
-3.906319999999999792e-01 -5.727489999999999526e-01
-3.849130000000000051e-01 -5.605729999999999880e-01
-3.782840000000000091e-01 -5.454139999999999544e-01
-3.703919999999999990e-01 -5.278819999999999624e-01
-3.610559999999999881e-01 -5.080989999999999673e-01
-3.501839999999999953e-01 -4.863120000000000220e-01
-3.377530000000000254e-01 -4.628010000000000179e-01
-3.237550000000000150e-01 -4.378190000000000137e-01
-3.081880000000000175e-01 -4.115900000000000114e-01
-2.911460000000000159e-01 -3.843509999999999982e-01
-2.727519999999999945e-01 -3.563120000000000176e-01
-2.532749999999999724e-01 -3.276359999999999828e-01
-2.329620000000000024e-01 -2.986340000000000106e-01
-2.119610000000000105e-01 -2.694880000000000053e-01
-1.905769999999999964e-01 -2.405519999999999881e-01
-1.690230000000000066e-01 -2.123079999999999967e-01
-1.474570000000000047e-01 -1.852979999999999905e-01
-1.257070000000000132e-01 -1.600080000000000113e-01
-1.041149999999999992e-01 -1.370480000000000032e-01
-8.368399999999999450e-02 -1.166289999999999966e-01
-6.468100000000000238e-02 -9.875799999999999856e-02
-4.680200000000000332e-02 -8.387500000000000511e-02
-3.033200000000000132e-02 -7.214199999999999779e-02
-1.575599999999999917e-02 -6.304300000000000181e-02
-1.590000000000000050e-03 -5.503999999999999865e-02
1.245399999999999979e-02 -4.814199999999999730e-02
2.470500000000000126e-02 -4.283399999999999708e-02
3.354100000000000137e-02 -3.918100000000000055e-02
3.999799999999999883e-02 -3.780000000000000027e-02
4.670699999999999852e-02 -3.579199999999999743e-02
5.479200000000000043e-02 -3.470000000000000168e-02
6.340999999999999415e-02 -3.381699999999999984e-02
7.013900000000000690e-02 -3.334199999999999664e-02
8.021799999999999764e-02 -3.064400000000000110e-02
9.108800000000000230e-02 -2.966900000000000093e-02
1.002289999999999986e-01 -2.852899999999999880e-02
1.073920000000000013e-01 -2.774799999999999836e-02
1.180569999999999953e-01 -2.420599999999999835e-02
1.233579999999999954e-01 -2.297000000000000083e-02
1.278440000000000132e-01 -1.809600000000000097e-02
1.368679999999999897e-01 -9.995000000000000412e-03
1.456300000000000094e-01 -1.783000000000000080e-03
1.477799999999999947e-01 6.267000000000000001e-03
1.565259999999999985e-01 1.416899999999999930e-02
1.596990000000000076e-01 1.342499999999999943e-02
1.617399999999999949e-01 1.053499999999999923e-02
1.618819999999999981e-01 7.488999999999999997e-03
1.574399999999999966e-01 -2.067999999999999960e-03
1.496850000000000125e-01 -1.070199999999999971e-02
1.402670000000000028e-01 -2.298299999999999996e-02
1.280100000000000127e-01 -3.918200000000000155e-02
1.113809999999999939e-01 -5.949499999999999927e-02
9.419500000000000095e-02 -8.293300000000000671e-02
7.344499999999999640e-02 -1.117579999999999962e-01
5.162200000000000122e-02 -1.462559999999999971e-01
2.930200000000000166e-02 -1.842660000000000131e-01
6.128999999999999899e-03 -2.260220000000000007e-01
-1.718700000000000089e-02 -2.710819999999999896e-01
-4.051500000000000240e-02 -3.205600000000000116e-01
-5.866699999999999693e-02 -3.472549999999999804e-01
-6.760099999999999443e-02 -3.378740000000000077e-01
-7.370200000000000362e-02 -3.304030000000000022e-01
-7.735400000000000609e-02 -3.238880000000000092e-01
-7.903699999999999615e-02 -3.178719999999999879e-01
-7.707600000000000562e-02 -3.051579999999999848e-01
-7.886200000000000154e-02 -3.200160000000000227e-01
-7.480499999999999650e-02 -3.099439999999999973e-01
-6.888700000000000379e-02 -3.047279999999999989e-01
-6.117199999999999721e-02 -3.004390000000000116e-01
-5.287800000000000139e-02 -2.975539999999999852e-01
-4.464300000000000213e-02 -2.964709999999999845e-01
-3.618500000000000189e-02 -2.980320000000000191e-01
-2.731799999999999853e-02 -3.026900000000000146e-01
-1.809600000000000097e-02 -3.105899999999999772e-01
-8.604999999999999802e-03 -3.217240000000000100e-01
1.224999999999999960e-03 -3.361299999999999844e-01
1.160399999999999973e-02 -3.536130000000000106e-01
2.260500000000000009e-02 -3.735040000000000027e-01
3.479800000000000254e-02 -3.953090000000000215e-01
4.874699999999999867e-02 -4.184599999999999986e-01
6.463099999999999401e-02 -4.422280000000000100e-01
8.296299999999999508e-02 -4.663669999999999760e-01
1.031819999999999959e-01 -4.905630000000000268e-01
1.242550000000000043e-01 -5.148770000000000291e-01
1.450249999999999873e-01 -5.399100000000000010e-01
1.615099999999999869e-01 -5.663740000000000441e-01
1.697009999999999907e-01 -5.965799999999999992e-01
1.636869999999999992e-01 -6.378099999999999881e-01
1.378459999999999963e-01 -7.054449999999999887e-01
9.530600000000000183e-02 -7.810099999999999820e-01
3.733199999999999713e-02 -8.245670000000000499e-01
-2.674409999999999843e-01 -7.617110000000000269e-01
-2.553329999999999766e-01 -6.233279999999999932e-01
-2.601479999999999904e-01 -5.867200000000000193e-01
-2.679050000000000042e-01 -5.759309999999999707e-01
-2.751730000000000009e-01 -5.689239999999999853e-01
-2.808729999999999838e-01 -5.584310000000000107e-01
-2.844240000000000101e-01 -5.448199999999999710e-01
-2.857040000000000135e-01 -5.286980000000000013e-01
-2.849559999999999871e-01 -5.101849999999999996e-01
-2.824909999999999921e-01 -4.898020000000000151e-01
-2.785529999999999951e-01 -4.679019999999999846e-01
-2.733570000000000166e-01 -4.445859999999999812e-01
-2.671549999999999758e-01 -4.200429999999999997e-01
-2.601740000000000164e-01 -3.944159999999999888e-01
-2.526599999999999957e-01 -3.678359999999999963e-01
-2.448289999999999911e-01 -3.404300000000000104e-01
-2.368039999999999867e-01 -3.123250000000000193e-01
-2.286469999999999891e-01 -2.836080000000000267e-01
-2.204250000000000098e-01 -2.544210000000000083e-01
-2.122209999999999930e-01 -2.249220000000000108e-01
-2.041719999999999924e-01 -1.953489999999999949e-01
-1.964920000000000000e-01 -1.657909999999999939e-01
-1.898309999999999997e-01 -1.363320000000000087e-01
-1.846780000000000088e-01 -1.070649999999999935e-01
-1.813839999999999897e-01 -7.845799999999999996e-02
-1.795879999999999976e-01 -5.078400000000000275e-02
-1.585290000000000032e-01 -2.382199999999999943e-02
-1.348350000000000104e-01 1.593999999999999931e-03
-1.104269999999999974e-01 2.442899999999999933e-02
-8.621499999999999997e-02 4.461600000000000288e-02
-6.164200000000000235e-02 6.350200000000000289e-02
-3.746900000000000230e-02 7.867999999999999994e-02
-1.503499999999999975e-02 9.116900000000000004e-02
4.617999999999999709e-03 9.942600000000000049e-02
2.283999999999999919e-02 1.067059999999999953e-01
3.715000000000000246e-02 1.114440000000000014e-01
5.151399999999999729e-02 1.132200000000000012e-01
6.108399999999999941e-02 1.126650000000000013e-01
7.038099999999999912e-02 1.088810000000000056e-01
7.696699999999999375e-02 1.057410000000000017e-01
8.780599999999999516e-02 1.021080000000000043e-01
9.566900000000000404e-02 9.757100000000000495e-02
1.062430000000000041e-01 8.985100000000000031e-02
1.148320000000000035e-01 8.231900000000000328e-02
1.222069999999999962e-01 7.176000000000000434e-02
1.244460000000000011e-01 6.110299999999999759e-02
1.314839999999999898e-01 5.438699999999999785e-02
1.379370000000000041e-01 4.579799999999999843e-02
1.409539999999999960e-01 3.445800000000000252e-02
1.484060000000000101e-01 5.657500000000000029e-02
1.482630000000000059e-01 4.782600000000000046e-02
1.499060000000000115e-01 5.159699999999999703e-02
1.500720000000000109e-01 5.150099999999999817e-02
1.517670000000000130e-01 4.851300000000000057e-02
1.493069999999999953e-01 4.071600000000000219e-02
1.448480000000000045e-01 3.149500000000000216e-02
1.415879999999999916e-01 2.311600000000000113e-02
1.276829999999999909e-01 1.026999999999999962e-02
1.099620000000000042e-01 -7.036999999999999852e-03
9.425400000000000444e-02 -2.652300000000000144e-02
7.587000000000000688e-02 -5.062599999999999739e-02
5.410299999999999832e-02 -7.972700000000000620e-02
3.205399999999999916e-02 -1.124539999999999984e-01
1.225399999999999927e-02 -1.461199999999999999e-01
-8.160000000000000586e-03 -1.815730000000000122e-01
-2.701500000000000082e-02 -2.164270000000000083e-01
-4.359099999999999780e-02 -2.475249999999999950e-01
-5.693499999999999950e-02 -2.701450000000000240e-01
-6.824099999999999611e-02 -2.830469999999999930e-01
-7.633399999999999908e-02 -2.890579999999999816e-01
-8.046100000000000474e-02 -2.909970000000000057e-01
-8.241500000000000214e-02 -2.908009999999999762e-01
-8.433400000000000618e-02 -2.895550000000000068e-01
-8.499299999999999911e-02 -2.877359999999999918e-01
-8.412899999999999545e-02 -2.860949999999999882e-01
-8.225499999999999479e-02 -2.856600000000000250e-01
-7.950799999999999534e-02 -2.870550000000000046e-01
-7.640399999999999969e-02 -2.904140000000000055e-01
-7.324999999999999567e-02 -2.966039999999999788e-01
-7.004599999999999715e-02 -3.058850000000000180e-01
-6.629100000000000270e-02 -3.183579999999999743e-01
-6.161699999999999816e-02 -3.337539999999999951e-01
-5.530899999999999705e-02 -3.519329999999999958e-01
-4.659900000000000153e-02 -3.725060000000000038e-01
-3.488100000000000228e-02 -3.947959999999999803e-01
-1.936500000000000027e-02 -4.184060000000000001e-01
-2.220000000000000022e-04 -4.426450000000000107e-01
2.270199999999999996e-02 -4.672220000000000262e-01
4.810799999999999799e-02 -4.919109999999999872e-01
7.590399999999999925e-02 -5.164630000000000054e-01
1.036060000000000036e-01 -5.411799999999999944e-01
1.282530000000000059e-01 -5.666609999999999703e-01
1.473690000000000000e-01 -5.944040000000000434e-01
1.555290000000000006e-01 -6.284750000000000059e-01
1.454779999999999962e-01 -6.792500000000000204e-01
1.175100000000000033e-01 -7.480790000000000495e-01
7.664999999999999591e-02 -8.020509999999999584e-01
1.730200000000000141e-02 -8.316670000000000451e-01
-1.467189999999999883e-01 -6.264300000000000423e-01
-1.259490000000000054e-01 -6.038759999999999684e-01
-1.069129999999999941e-01 -6.018869999999999498e-01
-8.710900000000000587e-02 -6.037649999999999961e-01
-6.432499999999999329e-02 -6.016880000000000006e-01
-3.918900000000000161e-02 -5.945449999999999902e-01
-1.386399999999999959e-02 -5.827369999999999495e-01
1.121699999999999954e-02 -5.665139999999999620e-01
3.577700000000000324e-02 -5.460310000000000441e-01
5.955400000000000277e-02 -5.214389999999999858e-01
8.252700000000000313e-02 -4.930030000000000245e-01
1.045949999999999935e-01 -4.611100000000000199e-01
1.258890000000000009e-01 -4.259080000000000088e-01
1.463839999999999864e-01 -3.875689999999999968e-01
1.659619999999999984e-01 -3.462720000000000242e-01
1.844800000000000051e-01 -3.021769999999999734e-01
2.018000000000000071e-01 -2.554489999999999816e-01
2.173599999999999977e-01 -2.062749999999999861e-01
2.305679999999999952e-01 -1.548609999999999987e-01
2.412739999999999885e-01 -1.020760000000000001e-01
2.480860000000000010e-01 -5.217200000000000309e-02
2.500649999999999817e-01 -2.600600000000000134e-02
2.516809999999999881e-01 1.543600000000000007e-02
2.438730000000000064e-01 6.271400000000000585e-02
2.263290000000000024e-01 1.030459999999999987e-01
2.006189999999999918e-01 1.375119999999999953e-01
1.688369999999999871e-01 1.678090000000000137e-01
1.328280000000000016e-01 1.955759999999999998e-01
9.486300000000000288e-02 2.205950000000000133e-01
5.550900000000000278e-02 2.437400000000000122e-01
1.456000000000000003e-02 2.639690000000000092e-01
-2.777900000000000161e-02 2.807939999999999880e-01
-7.014199999999999602e-02 2.943140000000000200e-01
-8.334400000000000142e-02 3.044229999999999992e-01
-4.598499999999999810e-02 3.102429999999999910e-01
-1.323700000000000050e-02 3.116559999999999886e-01
1.613099999999999951e-02 3.094919999999999893e-01
4.469900000000000262e-02 3.033040000000000180e-01
6.816600000000000437e-02 2.925840000000000107e-01
8.547299999999999343e-02 2.783300000000000218e-01
1.007379999999999942e-01 2.602749999999999786e-01
1.055740000000000012e-01 2.325820000000000110e-01
1.103790000000000049e-01 2.047420000000000073e-01
1.138949999999999962e-01 1.770930000000000004e-01
1.218209999999999987e-01 1.504669999999999896e-01
1.301849999999999952e-01 1.228670000000000040e-01
1.322550000000000114e-01 9.739100000000000534e-02
1.315030000000000088e-01 7.996100000000000430e-02
1.346590000000000009e-01 6.946099999999999497e-02
1.396670000000000134e-01 6.418400000000000494e-02
1.362929999999999975e-01 5.865499999999999881e-02
1.335280000000000078e-01 5.384300000000000197e-02
1.243110000000000048e-01 4.675900000000000195e-02
1.130140000000000033e-01 3.967299999999999993e-02
1.017750000000000044e-01 3.498899999999999927e-02
8.543100000000000693e-02 2.875300000000000078e-02
6.955899999999999583e-02 2.063800000000000009e-02
5.058200000000000196e-02 8.182000000000000037e-03
3.357199999999999768e-02 -5.695000000000000409e-03
1.712800000000000086e-02 -2.429699999999999915e-02
-2.462000000000000213e-03 -4.978599999999999692e-02
-2.111700000000000035e-02 -7.839400000000000535e-02
-3.844700000000000201e-02 -1.088309999999999972e-01
-5.468900000000000150e-02 -1.396999999999999909e-01
-6.932299999999999573e-02 -1.683379999999999876e-01
-8.316999999999999393e-02 -1.932220000000000049e-01
-9.421300000000000507e-02 -2.133790000000000131e-01
-1.020250000000000046e-01 -2.287170000000000036e-01
-1.090249999999999969e-01 -2.406310000000000116e-01
-1.155960000000000043e-01 -2.502260000000000040e-01
-1.214630000000000015e-01 -2.584400000000000031e-01
-1.264109999999999956e-01 -2.661620000000000097e-01
-1.302210000000000034e-01 -2.741939999999999933e-01
-1.329239999999999866e-01 -2.833689999999999820e-01
-1.348459999999999936e-01 -2.942299999999999915e-01
-1.356330000000000036e-01 -3.070019999999999971e-01
-1.347440000000000027e-01 -3.220509999999999762e-01
-1.315439999999999943e-01 -3.393220000000000125e-01
-1.256269999999999887e-01 -3.584939999999999793e-01
-1.165469999999999978e-01 -3.791590000000000238e-01
-1.034349999999999992e-01 -4.011000000000000121e-01
-8.632599999999999996e-02 -4.237239999999999895e-01
-6.491399999999999948e-02 -4.468699999999999894e-01
-3.890600000000000308e-02 -4.701330000000000231e-01
-8.956000000000000419e-03 -4.934780000000000277e-01
2.389799999999999910e-02 -5.168460000000000276e-01
5.798699999999999688e-02 -5.401799999999999935e-01
9.133199999999999652e-02 -5.635390000000000121e-01
1.209670000000000051e-01 -5.872910000000000075e-01
1.440889999999999949e-01 -6.129449999999999621e-01
1.561919999999999975e-01 -6.446509999999999740e-01
1.525819999999999954e-01 -6.896989999999999510e-01
1.351279999999999981e-01 -7.461119999999999974e-01
1.084780000000000050e-01 -7.923019999999999508e-01
7.177600000000000646e-02 -8.200110000000000454e-01
1.878600000000000061e-02 -8.379569999999999519e-01
